Simple Correlation Matrix among all inputs and outputs:
                       mn         l_cw         l_dh        l_ibd        l_ibh         v_rv        d_tuw         e_kd       p_tauc           Qp           Tp           Bw           Bd           Tc         Bwbc         Bwac         Bdbc         Bdac 
          mn  1.00000e+00 
        l_cw -2.96394e-17  1.00000e+00 
        l_dh -2.96394e-17  3.95463e-17  1.00000e+00 
       l_ibd  2.96394e-17 -3.94921e-17 -7.90112e-17  1.00000e+00 
       l_ibh  0.00000e+00 -2.71051e-20  0.00000e+00 -1.05141e-16  1.00000e+00 
        v_rv  0.00000e+00  0.00000e+00 -2.71051e-20 -8.13152e-20  5.14996e-19  1.00000e+00 
       d_tuw  0.00000e+00  0.00000e+00 -2.71051e-20 -8.13152e-20  5.14996e-19  6.23416e-19  1.00000e+00 
        e_kd  0.00000e+00  0.00000e+00 -2.71051e-20 -8.13152e-20  5.14996e-19  6.23416e-19  6.23416e-19  1.00000e+00 
      p_tauc  0.00000e+00  0.00000e+00 -2.71051e-20 -8.13152e-20  5.14996e-19  6.23416e-19  6.23416e-19  6.23416e-19  1.00000e+00 
          Qp -4.93312e-18 -6.30315e-04 -3.95142e-04  2.43592e-01 -7.27853e-03 -1.85688e-01  2.09490e-06  7.33551e-01 -2.54166e-01  1.00000e+00 
          Tp  1.29969e-17  3.28612e-03  1.78976e-03  5.97957e-02 -3.88760e-02  1.30565e-02 -1.16823e-16 -7.68982e-01 -1.41714e-01 -5.08407e-01  1.00000e+00 
          Bw -7.10830e-18  8.78454e-03  4.37985e-03  3.59954e-01  4.21468e-02  1.87720e-02 -5.17486e-06  1.02812e-01 -4.10432e-01  6.23618e-01  1.79547e-01  1.00000e+00 
          Bd  1.14790e-17 -4.70186e-05  7.54935e-03  4.32999e-01 -3.44038e-07  2.86699e-06  9.95230e-17 -4.74773e-05 -4.32999e-01  5.71135e-01  3.34358e-01  8.51586e-01  1.00000e+00 
          Tc -3.36780e-18  5.43923e-02  2.09440e-02 -7.34822e-02 -2.91210e-03  3.90943e-02 -4.92157e-06 -3.97670e-01  6.57516e-02 -3.53270e-01  2.77842e-01  5.23608e-02 -1.50015e-01  1.00000e+00 
        Bwbc -7.57586e-18  5.87124e-03  1.70411e-03  4.46262e-01 -1.23777e-01  6.40231e-03 -3.24639e-06  1.40207e-01 -3.15894e-01  6.01945e-01  9.36408e-02  7.12163e-01  8.22835e-01 -1.54183e-01  1.00000e+00 
        Bwac -1.70254e-18  2.87915e-03  1.98379e-03  9.07089e-02 -4.53928e-02  2.93267e-03 -5.45531e-06 -4.90969e-02 -1.69393e-01  2.21049e-01  2.59161e-01  3.82456e-01  4.66315e-01 -1.19069e-01  1.16649e-01  1.00000e+00 
        Bdbc -6.45439e-19  7.73206e-04 -1.48260e-02  6.07763e-03  4.24681e-02 -3.50717e-02  4.02388e-07  1.19339e-01 -1.68966e-02  1.66169e-01 -9.86596e-02  9.48943e-02  9.45122e-02 -6.72199e-02  3.09223e-01  3.47833e-02  1.00000e+00 
        Bdac -4.01155e-18  1.86515e-03  5.62212e-04  3.33981e-01 -8.43073e-02 -1.43700e-02  1.28581e-06  3.20922e-01 -3.11468e-01  5.95020e-01  2.14091e-02  3.77893e-01  7.33076e-01 -4.77794e-01  7.15242e-01  2.33750e-01  7.02024e-02  1.00000e+00 

Partial Correlation Matrix between input and output:
                       Qp           Tp           Bw           Bd           Tc         Bwbc         Bwac         Bdbc         Bdac 
          mn -1.50856e-17 -7.13814e-20  8.39613e-18  1.83729e-17  2.34607e-17 -2.43120e-17  7.61442e-18 -3.33728e-17 -6.21111e-18 
        l_cw -1.14427e-03  5.30763e-03  1.05810e-02 -5.94759e-05  5.96976e-02  7.19416e-03  2.94067e-03  7.80188e-04  2.25994e-03 
        l_dh -7.17336e-04  2.89079e-03  5.27577e-03  9.54907e-03  2.30218e-02  2.08814e-03  2.02619e-03 -1.49582e-02  6.81214e-04 
       l_ibd  4.04435e-01  9.61339e-02  3.97806e-01  4.80382e-01 -8.05311e-02  4.79781e-01  9.22526e-02  6.13239e-03  3.75122e-01 
       l_ibh -1.32122e-02 -6.26686e-02  5.07036e-02 -4.35189e-07 -3.20183e-03 -1.49956e-01 -4.63132e-02  4.28123e-02 -1.01623e-01 
        v_rv -3.19435e-01  2.10840e-02  2.26065e-02  3.62658e-06  4.29445e-02  7.84485e-03  2.99534e-03 -3.53663e-02 -1.74090e-02 
       d_tuw  3.80306e-06 -1.65895e-17 -6.23349e-06  5.66013e-18 -5.41125e-06 -3.97798e-06 -5.57191e-06  4.06022e-07  1.55797e-06 
        e_kd  7.99642e-01 -7.78919e-01  1.22905e-01 -6.00561e-05 -4.00617e-01  1.69322e-01 -5.00834e-02  1.19553e-01  3.62415e-01 
      p_tauc -4.18962e-01 -2.23124e-01 -4.43190e-01 -4.80383e-01  7.21056e-02 -3.60983e-01 -1.70480e-01 -1.70467e-02 -3.53088e-01 

Simple Rank Correlation Matrix among all inputs and outputs:
                       mn         l_cw         l_dh        l_ibd        l_ibh         v_rv        d_tuw         e_kd       p_tauc           Qp           Tp           Bw           Bd           Tc         Bwbc         Bwac         Bdbc         Bdac 
          mn  1.00000e+00 
        l_cw  0.00000e+00  1.00000e+00 
        l_dh  0.00000e+00  2.71051e-20  1.00000e+00 
       l_ibd  0.00000e+00  2.71051e-20 -2.71051e-20  1.00000e+00 
       l_ibh  0.00000e+00  2.71051e-20 -2.71051e-20  1.89735e-19  1.00000e+00 
        v_rv  0.00000e+00  2.71051e-20 -2.71051e-20  1.89735e-19  6.23416e-19  1.00000e+00 
       d_tuw  0.00000e+00  2.71051e-20 -2.71051e-20  1.89735e-19  6.23416e-19  6.23416e-19  1.00000e+00 
        e_kd  0.00000e+00  2.71051e-20 -2.71051e-20  1.89735e-19  6.23416e-19  6.23416e-19  6.23416e-19  1.00000e+00 
      p_tauc  0.00000e+00  2.71051e-20 -2.71051e-20  1.89735e-19  6.23416e-19  6.23416e-19  6.23416e-19  6.23416e-19  1.00000e+00 
          Qp  0.00000e+00 -5.66373e-03 -3.29798e-03  2.15545e-01 -5.42514e-02 -2.73410e-01  6.95811e-05  7.32983e-01 -2.79144e-01  1.00000e+00 
          Tp  0.00000e+00  5.19779e-03  3.06690e-03  3.79533e-02 -4.05446e-02  8.86356e-02  2.89631e-16 -7.20986e-01 -2.36651e-01 -3.18697e-01  1.00000e+00 
          Bw  0.00000e+00  1.31381e-01  6.43527e-02  1.96883e-01 -6.22419e-02  1.51482e-02 -7.54503e-05  3.48012e-01 -2.92885e-01  5.68298e-01  1.21298e-03  1.00000e+00 
          Bd  0.00000e+00  1.86779e-04  7.74723e-01  2.44606e-01 -8.96540e-04  7.47117e-03  4.51706e-16 -1.00861e-03 -2.46997e-01  3.02723e-01  3.15567e-01  3.24310e-01  1.00000e+00 
          Tc  0.00000e+00  9.61258e-03  8.43067e-03 -3.89077e-03 -3.99237e-02  6.14721e-02 -9.37320e-06 -8.27057e-01 -1.42840e-01 -4.29758e-01  8.50975e-01 -4.57742e-02  2.08740e-01  1.00000e+00 
        Bwbc  0.00000e+00  9.10991e-03  1.00290e-02  3.67823e-01 -2.80123e-01  3.84284e-02 -1.22255e-05  2.73591e-01 -1.88007e-01  5.32260e-01 -5.05207e-03  2.98816e-01  3.15860e-01  4.14626e-02  1.00000e+00 
        Bwac  0.00000e+00  4.64097e-03  1.18392e-02  1.92143e-01 -2.06977e-01  4.56178e-02 -3.87462e-05  4.12784e-01 -2.15854e-01  6.54959e-01 -4.99948e-02  2.36480e-01  3.20939e-01 -1.14579e-01  7.22797e-01  1.00000e+00 
        Bdbc  0.00000e+00  8.70358e-03  5.10801e-04  3.63966e-01 -8.77514e-02 -1.09475e-01  1.03521e-05  2.90292e-01 -1.66834e-01  5.74644e-01 -3.39655e-02  2.70033e-01  3.05297e-01 -2.32007e-02  9.28846e-01  6.60655e-01  1.00000e+00 
        Bdac  0.00000e+00  1.78854e-03 -4.65991e-04  2.62308e-01 -2.52820e-02 -1.10720e-01  9.16897e-06  5.18275e-01 -2.22399e-01  7.74657e-01 -1.75928e-01  2.22113e-01  3.09189e-01 -2.23009e-01  7.43492e-01  8.02197e-01  8.09200e-01  1.00000e+00 

Partial Rank Correlation Matrix between input and output:
                       Qp           Tp           Bw           Bd           Tc         Bwbc         Bwac         Bdbc         Bdac 
          mn  0.00000e+00  0.00000e+00  0.00000e+00  0.00000e+00  0.00000e+00  0.00000e+00  0.00000e+00  0.00000e+00  0.00000e+00 
        l_cw -1.10937e-02  8.08584e-03  1.52102e-01  3.53671e-04  1.78466e-02  1.10927e-02  5.54292e-03  1.01470e-02  2.30856e-03 
        l_dh -6.46009e-03  4.77107e-03  7.51659e-02  8.26279e-01  1.56529e-02  1.22116e-02  1.41389e-02  5.95541e-04 -6.01480e-04 
       l_ibd  3.88970e-01  5.89407e-02  2.24719e-01  4.20276e-01 -7.22452e-03  4.08775e-01  2.23674e-01  3.90632e-01  3.20693e-01 
       l_ibh -1.05675e-01 -6.29494e-02 -7.27138e-02 -1.69762e-03 -7.39308e-02 -3.22846e-01 -2.39982e-01 -1.01778e-01 -3.26154e-02 
        v_rv -4.72121e-01  1.36596e-01  1.77409e-02  1.41454e-02  1.13410e-01  4.67439e-02  5.44035e-02 -1.26609e-01 -1.41475e-01 
       d_tuw  1.36299e-04  0.00000e+00 -8.83784e-05  0.00000e+00 -1.74049e-05 -1.48872e-05 -4.62771e-05  1.20695e-05  1.18349e-05 
        e_kd  8.20588e-01 -7.46417e-01  3.77484e-01 -1.90982e-03 -8.38004e-01  3.16078e-01  4.42193e-01  3.20587e-01  5.56023e-01 
      p_tauc -4.79762e-01 -3.45485e-01 -3.24504e-01 -4.23650e-01 -2.56372e-01 -2.23166e-01 -2.49645e-01 -1.90933e-01 -2.75919e-01 
