Simple Correlation Matrix among all inputs and outputs:
                     p_st         l_cw         l_dh        d_tuw         e_kd       p_tauc        l_ibh         l_se           mn           Qp           Tp           Bw           Bd           Tc         Bwbc         Bwac         Bdbc         Bdac 
        p_st  1.00000e+00 
        l_cw  0.00000e+00  1.00000e+00 
        l_dh  0.00000e+00  2.71051e-20  1.00000e+00 
       d_tuw  0.00000e+00  1.32002e-17 -2.63461e-17  1.00000e+00 
        e_kd  0.00000e+00  2.71051e-20 -2.71051e-20  2.71051e-20  1.00000e+00 
      p_tauc  0.00000e+00  2.04914e-17 -2.71051e-20  2.11121e-16  8.13152e-20  1.00000e+00 
       l_ibh  0.00000e+00  2.71051e-20  2.71051e-20  3.84892e-18  7.29126e-18  4.60786e-19  1.00000e+00 
        l_se  0.00000e+00  1.97054e-17 -7.87402e-17 -1.19262e-18  8.13152e-20 -8.48388e-18 -4.49508e-15  1.00000e+00 
          mn  0.00000e+00  1.97596e-17 -2.62919e-17 -2.10769e-16 -6.77626e-19  3.11708e-18  2.62171e-15 -1.44871e-14  1.00000e+00 
          Qp -1.31382e-05  8.65247e-03  2.27066e-02  1.87689e-05  8.08315e-01 -2.89041e-03  9.03516e-02  4.20230e-01  3.19071e-05  1.00000e+00 
          Tp  7.89313e-05 -3.53325e-02  5.59575e-03  6.18295e-04 -7.30382e-01 -6.41018e-03 -2.16488e-01 -5.59120e-02 -2.45165e-04 -6.48670e-01  1.00000e+00 
          Bw  1.86438e-03 -1.95050e-02 -3.74804e-02 -1.24292e-03  4.22196e-01 -1.83370e-03 -2.24638e-01  1.05232e-01  2.18955e-16  4.49211e-01 -2.64928e-01  1.00000e+00 
          Bd -4.59536e-06  6.89304e-06  9.99996e-01 -2.29768e-06  1.37861e-05 -2.29768e-06  9.19071e-06 -1.37861e-05  1.01508e-16  2.27021e-02  5.62022e-03 -3.76455e-02  1.00000e+00 
          Tc  4.65467e-05  1.58492e-02  1.44202e-01 -4.65467e-05 -8.78826e-01  3.42119e-03  6.48629e-02 -1.51812e-01 -4.88741e-04 -6.61727e-01  6.87334e-01 -2.94977e-01  1.44307e-01  1.00000e+00 
        Bwbc  2.09303e-04  6.96925e-02  4.69105e-01 -2.67292e-04 -2.71038e-01  9.10514e-03 -1.83051e-01 -1.75512e-01 -8.10030e-04 -2.93410e-01  1.94763e-01 -1.32773e-01  4.69381e-01  3.76518e-01  1.00000e+00 
        Bwac  1.72726e-04  5.26102e-02  4.83491e-01 -2.32150e-04  2.13698e-01  1.07217e-02 -2.02267e-01 -1.54124e-01 -7.63006e-04  6.24563e-02 -1.90587e-01  3.48036e-02  4.83743e-01 -1.22896e-01  8.23448e-01  1.00000e+00 
        Bdbc -3.49295e-04  6.97201e-03  2.33160e-01  2.10371e-04 -4.65106e-01 -1.52440e-02  2.06890e-01  2.06531e-01 -4.04865e-04 -1.82151e-01  3.29978e-01 -1.41264e-01  2.33376e-01  5.82093e-01  3.87448e-02 -2.48688e-01  1.00000e+00 
        Bdac  7.49762e-04  2.59030e-02  1.97300e-01 -2.52273e-04 -1.37432e-01  3.16664e-03 -2.34473e-02  2.29471e-01 -4.79495e-03  3.14505e-02  7.69680e-02  6.26348e-02  1.97505e-01  1.89463e-01 -9.75269e-02 -1.66169e-01  7.13583e-01  1.00000e+00 

Partial Correlation Matrix between input and output:
                       Qp           Tp           Bw           Bd           Tc         Bwbc         Bwac         Bdbc         Bdac 
        p_st -3.27159e-05  1.22492e-04  2.14081e-03 -1.57400e-03  1.09909e-04  2.62198e-04  2.13744e-04 -4.35405e-04  7.95518e-04 
        l_cw  2.15407e-02 -5.47494e-02 -2.23914e-02  2.36099e-03  3.73979e-02  8.69742e-02  6.49662e-02  8.69046e-03  2.74734e-02 
        l_dh  5.64522e-02  8.68358e-03 -4.29979e-02  9.99996e-01  3.22326e-01  5.06649e-01  5.13428e-01  2.79092e-01  2.04900e-01 
       d_tuw  4.67370e-05  9.59516e-04 -1.42721e-03 -7.86999e-04 -1.09909e-04 -3.34841e-04 -2.87280e-04  2.62233e-04 -2.67669e-04 
        e_kd  8.95564e-01 -7.49875e-01  4.36235e-01  4.72194e-03 -9.00856e-01 -3.21507e-01  2.55658e-01 -5.01567e-01 -1.44293e-01 
      p_tauc -7.19731e-03 -9.94730e-03 -2.10558e-03 -7.86999e-04  8.07807e-03  1.14054e-02  1.32667e-02 -1.89985e-02  3.35988e-03 
       l_ibh  2.19500e-01 -3.18470e-01 -2.49770e-01  3.14798e-03  1.51393e-01 -2.23509e-01 -2.42810e-01  2.49723e-01 -2.48705e-02 
        l_se  7.22963e-01 -8.64437e-02  1.19963e-01 -4.72194e-03 -3.37443e-01 -2.14738e-01 -1.87348e-01  2.49316e-01  2.36565e-01 
          mn  7.94528e-05 -3.80466e-04  9.07782e-17 -8.51325e-16 -1.15405e-03 -1.01474e-03 -9.44200e-04 -5.04674e-04 -5.08751e-03 

Simple Rank Correlation Matrix among all inputs and outputs:
                     p_st         l_cw         l_dh        d_tuw         e_kd       p_tauc        l_ibh         l_se           mn           Qp           Tp           Bw           Bd           Tc         Bwbc         Bwac         Bdbc         Bdac 
        p_st  1.00000e+00 
        l_cw  0.00000e+00  1.00000e+00 
        l_dh  0.00000e+00  2.71051e-20  1.00000e+00 
       d_tuw  0.00000e+00  2.71051e-20 -2.71051e-20  1.00000e+00 
        e_kd  0.00000e+00  2.71051e-20 -2.71051e-20  1.89735e-19  1.00000e+00 
      p_tauc  0.00000e+00  2.71051e-20 -2.71051e-20  1.89735e-19  6.23416e-19  1.00000e+00 
       l_ibh  0.00000e+00  2.71051e-20 -2.71051e-20  1.89735e-19  6.23416e-19  6.23416e-19  1.00000e+00 
        l_se  0.00000e+00  2.71051e-20 -2.71051e-20  1.89735e-19  6.23416e-19  6.23416e-19  6.23416e-19  1.00000e+00 
          mn  0.00000e+00  2.71051e-20 -2.71051e-20  1.89735e-19  6.23416e-19  6.23416e-19  6.23416e-19  6.23416e-19  1.00000e+00 
          Qp -2.85674e-04  2.70669e-02  1.85683e-02  1.09064e-04  8.09192e-01 -3.04736e-03  1.70500e-01  3.23578e-01  5.80454e-04  1.00000e+00 
          Tp -4.27881e-04 -5.61772e-03  3.14870e-02  3.14912e-04 -8.74870e-01  3.90681e-03 -4.73587e-02 -2.06121e-01 -1.88952e-04 -9.39016e-01  1.00000e+00 
          Bw  7.81854e-04  2.07695e-01  6.57060e-01 -5.21236e-04  3.46793e-01 -2.45035e-03 -1.34596e-01  7.63181e-02 -1.87025e-18  3.29509e-01 -3.34304e-01  1.00000e+00 
          Bd -2.28578e-04  3.42867e-04  9.99801e-01 -1.14289e-04  6.85734e-04 -1.14289e-04  4.57156e-04 -6.85734e-04  0.00000e+00  1.88168e-02  3.11826e-02  6.57006e-01  1.00000e+00 
          Tc  8.27408e-05  3.24382e-02  1.89871e-01 -8.27408e-05 -9.07238e-01  8.70428e-03  9.80642e-02 -2.48509e-01 -1.95754e-04 -7.85797e-01  8.64892e-01 -2.08783e-01  1.89538e-01  1.00000e+00 
        Bwbc  2.43744e-04  5.78047e-02  4.77756e-01 -3.09633e-04 -3.02380e-01  5.83513e-03 -1.94801e-01 -1.82889e-01 -6.61894e-04 -2.95776e-01  3.52676e-01  2.34995e-01  4.77769e-01  5.57088e-01  1.00000e+00 
        Bwac  3.19390e-04  3.33479e-02  4.81637e-01 -3.79464e-04  2.03599e-01  2.79975e-03 -2.70834e-01 -1.71551e-01 -2.35070e-05  7.85753e-02 -7.63301e-02  3.93927e-01  4.81908e-01  6.33187e-02  7.82774e-01  1.00000e+00 
        Bdbc -4.53797e-04  6.40777e-03  2.47907e-01  2.87615e-04 -4.64729e-01 -1.62953e-02  2.32302e-01  2.08651e-01 -2.47942e-04 -2.10527e-01  2.50901e-01  3.84495e-02  2.47448e-01  4.10216e-01  1.13490e-01 -1.95565e-01  1.00000e+00 
        Bdac  9.48337e-04  2.77015e-02  2.56992e-01 -3.08670e-04 -1.51825e-01  5.02808e-03  9.39990e-02  3.16662e-01 -3.60439e-03  7.16145e-02 -6.63779e-02  2.41283e-01  2.56262e-01  6.66764e-02  4.21694e-02 -3.39229e-02  7.00771e-01  1.00000e+00 

Partial Rank Correlation Matrix between input and output:
                       Qp           Tp           Bw           Bd           Tc         Bwbc         Bwac         Bdbc         Bdac 
        p_st -6.22875e-04 -9.84650e-04  1.26680e-03 -1.14668e-02  3.16446e-04  3.13229e-04  4.04755e-04 -5.74122e-04  1.05962e-03 
        l_cw  5.89133e-02 -1.29265e-02  3.18943e-01  1.71988e-02  1.23118e-01  7.40791e-02  4.22232e-02  8.10653e-03  3.09373e-02 
        l_dh  4.04527e-02  7.22692e-02  7.28875e-01  9.99801e-01  5.87588e-01  5.23210e-01  5.20987e-01  2.99266e-01  2.75995e-01 
       d_tuw  2.37800e-04  7.24683e-04 -8.44531e-04 -5.73370e-03 -3.16446e-04 -3.97901e-04 -4.80884e-04  3.63877e-04 -3.44891e-04 
        e_kd  8.69978e-01 -8.95605e-01  4.89857e-01  3.43824e-02 -9.60890e-01 -3.62196e-01  2.49834e-01 -5.06839e-01 -1.67252e-01 
      p_tauc -6.64422e-03  8.99009e-03 -3.97014e-03 -5.73370e-03  3.32715e-02  7.49834e-03  3.54803e-03 -2.06116e-02  5.61801e-03 
       l_ibh  3.48453e-01 -1.08341e-01 -2.13071e-01  2.29291e-02  3.51165e-01 -2.42840e-01 -3.24632e-01  2.81972e-01  1.04455e-01 
        l_se  5.76485e-01 -4.28564e-01  1.22720e-01 -3.43824e-02 -6.88915e-01 -2.28792e-01 -2.12440e-01  2.55232e-01  3.33557e-01 
          mn  1.26560e-03 -4.34820e-04  0.00000e+00  0.00000e+00 -7.48669e-04 -8.50581e-04 -2.97898e-05 -3.13685e-04 -4.02731e-03 
