%eval_id interface             kd             pw             uv              w 
1              bat            1.5           0.01       13870000         114.03 
2              bat         17.625           0.01       13870000           0.01 
3              bat          33.75           0.01       13870000           0.01 
4              bat         49.875           0.01       13870000           0.01 
5              bat             66           0.01       13870000           0.01 
6              bat            1.5           0.02       13870000         116.59 
7              bat         17.625           0.02       13870000         111.85 
8              bat          33.75           0.02       13870000         113.24 
9              bat         49.875           0.02       13870000         118.76 
10             bat             66           0.02       13870000         137.28 
11             bat            1.5           0.03       13870000         116.59 
12             bat         17.625           0.03       13870000         111.92 
13             bat          33.75           0.03       13870000         113.31 
14             bat         49.875           0.03       13870000         118.83 
15             bat             66           0.03       13870000         136.64 
16             bat            1.5           0.04       13870000         116.59 
17             bat         17.625           0.04       13870000         111.97 
18             bat          33.75           0.04       13870000         113.29 
19             bat         49.875           0.04       13870000         118.78 
20             bat             66           0.04       13870000         136.75 
21             bat            1.5           0.05       13870000         116.59 
22             bat         17.625           0.05       13870000         112.03 
23             bat          33.75           0.05       13870000         113.35 
24             bat         49.875           0.05       13870000         118.71 
25             bat             66           0.05       13870000         136.76 
26             bat            1.5           0.01     14723612.4         114.03 
27             bat         17.625           0.01     14723612.4           0.01 
28             bat          33.75           0.01     14723612.4           0.01 
29             bat         49.875           0.01     14723612.4           0.01 
30             bat             66           0.01     14723612.4           0.01 
31             bat            1.5           0.02     14723612.4         116.59 
32             bat         17.625           0.02     14723612.4         111.76 
33             bat          33.75           0.02     14723612.4         113.17 
34             bat         49.875           0.02     14723612.4         120.06 
35             bat             66           0.02     14723612.4         138.73 
36             bat            1.5           0.03     14723612.4         116.59 
37             bat         17.625           0.03     14723612.4         111.84 
38             bat          33.75           0.03     14723612.4         113.24 
39             bat         49.875           0.03     14723612.4         120.14 
40             bat             66           0.03     14723612.4         138.14 
41             bat            1.5           0.04     14723612.4         116.59 
42             bat         17.625           0.04     14723612.4         111.89 
43             bat          33.75           0.04     14723612.4         113.22 
44             bat         49.875           0.04     14723612.4         120.09 
45             bat             66           0.04     14723612.4         138.23 
46             bat            1.5           0.05     14723612.4         116.59 
47             bat         17.625           0.05     14723612.4         111.94 
48             bat          33.75           0.05     14723612.4         113.27 
49             bat         49.875           0.05     14723612.4         120.02 
50             bat             66           0.05     14723612.4         138.28 
51             bat            1.5           0.01     15577224.8         114.03 
52             bat         17.625           0.01     15577224.8           0.01 
53             bat          33.75           0.01     15577224.8           0.01 
54             bat         49.875           0.01     15577224.8           0.01 
55             bat             66           0.01     15577224.8           0.01 
56             bat            1.5           0.02     15577224.8         116.59 
57             bat         17.625           0.02     15577224.8         111.68 
58             bat          33.75           0.02     15577224.8         113.09 
59             bat         49.875           0.02     15577224.8         121.31 
60             bat             66           0.02     15577224.8         140.23 
61             bat            1.5           0.03     15577224.8         116.59 
62             bat         17.625           0.03     15577224.8         111.75 
63             bat          33.75           0.03     15577224.8         113.16 
64             bat         49.875           0.03     15577224.8         121.44 
65             bat             66           0.03     15577224.8         139.61 
66             bat            1.5           0.04     15577224.8         116.59 
67             bat         17.625           0.04     15577224.8         111.81 
68             bat          33.75           0.04     15577224.8         113.14 
69             bat         49.875           0.04     15577224.8         121.34 
70             bat             66           0.04     15577224.8         139.76 
71             bat            1.5           0.05     15577224.8         116.59 
72             bat         17.625           0.05     15577224.8         111.86 
73             bat          33.75           0.05     15577224.8          113.2 
74             bat         49.875           0.05     15577224.8         121.32 
75             bat             66           0.05     15577224.8         139.76 
76             bat            1.5           0.01     16430837.2         114.03 
77             bat         17.625           0.01     16430837.2           0.01 
78             bat          33.75           0.01     16430837.2           0.01 
79             bat         49.875           0.01     16430837.2           0.01 
80             bat             66           0.01     16430837.2           0.01 
81             bat            1.5           0.02     16430837.2         116.59 
82             bat         17.625           0.02     16430837.2         111.61 
83             bat          33.75           0.02     16430837.2         113.02 
84             bat         49.875           0.02     16430837.2         122.58 
85             bat             66           0.02     16430837.2         141.68 
86             bat            1.5           0.03     16430837.2         116.59 
87             bat         17.625           0.03     16430837.2         111.68 
88             bat          33.75           0.03     16430837.2         113.09 
89             bat         49.875           0.03     16430837.2         122.66 
90             bat             66           0.03     16430837.2         141.11 
91             bat            1.5           0.04     16430837.2         116.59 
92             bat         17.625           0.04     16430837.2         111.73 
93             bat          33.75           0.04     16430837.2         113.07 
94             bat         49.875           0.04     16430837.2         122.61 
95             bat             66           0.04     16430837.2          141.2 
96             bat            1.5           0.05     16430837.2         116.59 
97             bat         17.625           0.05     16430837.2         111.78 
98             bat          33.75           0.05     16430837.2         113.12 
99             bat         49.875           0.05     16430837.2         122.54 
100            bat             66           0.05     16430837.2         141.19 
101            bat            1.5           0.01     17284449.6         114.03 
102            bat         17.625           0.01     17284449.6           0.01 
103            bat          33.75           0.01     17284449.6           0.01 
104            bat         49.875           0.01     17284449.6           0.01 
105            bat             66           0.01     17284449.6           0.01 
106            bat            1.5           0.02     17284449.6         116.59 
107            bat         17.625           0.02     17284449.6         111.54 
108            bat          33.75           0.02     17284449.6         112.95 
109            bat         49.875           0.02     17284449.6         123.79 
110            bat             66           0.02     17284449.6          143.1 
111            bat            1.5           0.03     17284449.6         116.59 
112            bat         17.625           0.03     17284449.6          111.6 
113            bat          33.75           0.03     17284449.6         113.01 
114            bat         49.875           0.03     17284449.6         123.87 
115            bat             66           0.03     17284449.6         142.48 
116            bat            1.5           0.04     17284449.6         116.59 
117            bat         17.625           0.04     17284449.6         111.65 
118            bat          33.75           0.04     17284449.6            113 
119            bat         49.875           0.04     17284449.6         123.82 
120            bat             66           0.04     17284449.6         142.63 
121            bat            1.5           0.05     17284449.6         116.59 
122            bat         17.625           0.05     17284449.6          111.7 
123            bat          33.75           0.05     17284449.6         113.05 
124            bat         49.875           0.05     17284449.6         123.75 
125            bat             66           0.05     17284449.6         142.63 
