Simple Correlation Matrix among all inputs and outputs:
                       ph           se           mn           st           cw           ch           wt           kd           tu           Qp           Tp           Bw           Bd           Tc         Bwbc         Bwac         Bdbc         Bdac 
          ph  1.00000e+00 
          se -1.71019e-02  1.00000e+00 
          mn -1.97867e-18  3.26616e-17  1.00000e+00 
          st  0.00000e+00 -3.41524e-18  0.00000e+00  1.00000e+00 
          cw -2.04192e-03  2.16344e-03 -7.67073e-17 -2.99782e-17  1.00000e+00 
          ch  1.49578e-02  1.92563e-02  1.42844e-17  3.25261e-19 -2.15525e-03  1.00000e+00 
          wt -7.12321e-17  1.15549e-16 -7.14489e-17  0.00000e+00 -9.42172e-17  6.67977e-16  1.00000e+00 
          kd -1.92507e-02 -2.35795e-02  6.71392e-17  1.19262e-18  4.27297e-03  2.14127e-02  9.17745e-15  1.00000e+00 
          tu -1.03026e-16  2.09902e-03  4.87620e-17  0.00000e+00  2.09206e-03  2.09675e-03  9.76595e-17 -6.91640e-16  1.00000e+00 
          Qp -9.21981e-02  3.57822e-01 -1.43250e-17 -3.24784e-04 -6.97899e-03 -1.76974e-02  2.39041e-04  8.95977e-01 -2.82692e-03  1.00000e+00 
          Tp  1.55806e-01 -1.32446e-01 -1.18314e-17  4.41692e-04  1.20154e-02 -9.51121e-03 -4.41692e-04 -7.58508e-01  7.28791e-03 -7.45478e-01  1.00000e+00 
          Bw -2.25351e-04  3.07084e-02  2.30393e-18 -3.12282e-04  1.34975e-03  1.19291e-02  2.06988e-04  9.87046e-01 -2.18064e-02  9.17378e-01 -8.16530e-01  1.00000e+00 
          Bd  1.49464e-02  1.92376e-02  6.76542e-17  0.00000e+00 -2.15861e-03  9.99996e-01 -6.00662e-15  2.13903e-02  2.08613e-03 -1.77293e-02 -9.52352e-03  1.18991e-02  1.00000e+00 
          Tc  3.27080e-02 -1.68301e-01  7.88486e-17 -1.79437e-04  1.07323e-02  1.60090e-01  1.01421e-04 -7.45863e-01  1.28804e-02 -7.43699e-01  8.49025e-01 -8.01441e-01  1.59997e-01  1.00000e+00 
        Bwbc -3.58064e-02 -1.40291e-01 -8.72105e-18  4.48147e-05 -2.00842e-02  1.99317e-01 -1.04568e-04 -5.29577e-01  1.50652e-02 -5.43602e-01  5.47133e-01 -5.66986e-01  1.99191e-01  7.02024e-01  1.00000e+00 
        Bwac -2.45066e-01  1.60708e-01  1.29765e-17 -5.18975e-04 -3.20570e-02  5.45360e-02  2.21346e-04  6.09922e-01  6.32399e-03  6.72696e-01 -3.14709e-01  5.66600e-01  5.44177e-02 -2.25063e-01  1.75829e-01  1.00000e+00 
        Bdbc  8.59971e-02 -5.44714e-02  2.37169e-18  5.11050e-04 -4.93223e-03  1.85115e-01 -5.63598e-04 -4.63679e-01  1.38169e-02 -4.83243e-01  4.41201e-01 -4.88234e-01  1.84961e-01  4.33027e-01  7.77365e-01  5.56334e-02  1.00000e+00 
        Bdac  1.07415e-02  2.32523e-01 -1.47723e-18 -8.05866e-04 -2.79650e-03  4.27360e-02  7.10010e-04  8.66475e-01  6.34513e-04  8.77391e-01 -5.70615e-01  8.41950e-01  4.27485e-02 -6.01688e-01 -4.47228e-01  6.99075e-01 -3.64542e-01  1.00000e+00 

Partial Correlation Matrix between input and output:
                       Qp           Tp           Bw           Bd           Tc         Bwbc         Bwac         Bdbc         Bdac 
          ph -2.98325e-01  2.18542e-01  1.33400e-01 -4.16518e-03  2.00329e-02 -6.46258e-02 -2.99593e-01  8.45900e-02  7.34299e-02 
          se  8.68162e-01 -2.32869e-01  3.46539e-01 -6.64348e-03 -2.94844e-01 -1.92606e-01  2.25473e-01 -7.89839e-02  5.08448e-01 
          mn -2.19028e-17  6.51481e-17  7.93466e-17  4.29718e-15 -5.49905e-17 -3.83539e-18 -5.81335e-18  2.56274e-18  7.30261e-17 
          st -1.50059e-03  7.14197e-04 -2.11338e-03 -6.64902e-17 -2.92533e-04  5.57029e-05 -7.05421e-04  5.95436e-04 -1.87978e-03 
          cw -5.48433e-02  2.56441e-02 -1.98282e-02 -1.11112e-03  2.40382e-02 -2.12683e-02 -4.80905e-02 -2.61399e-03 -1.62533e-02 
          ch -1.96365e-01  1.22040e-02 -7.12241e-02  9.99996e-01  2.81007e-01  2.57606e-01  5.64085e-02  2.21786e-01  4.35183e-02 
          wt  1.10444e-03 -7.14197e-04  1.40080e-03  2.42762e-13  1.65345e-04 -1.29973e-04  3.00866e-04 -6.56660e-04  1.65619e-03 
          kd  9.72511e-01 -7.75240e-01  9.89005e-01 -7.88162e-03 -7.75505e-01 -5.56189e-01  6.37230e-01 -4.78506e-01  8.97422e-01 
          tu -1.61981e-02  1.22069e-02 -1.46560e-01 -3.62654e-03  2.09775e-02  1.86196e-02  8.09173e-03  1.57910e-02  1.82510e-04 

Simple Rank Correlation Matrix among all inputs and outputs:
                       ph           se           mn           st           cw           ch           wt           kd           tu           Qp           Tp           Bw           Bd           Tc         Bwbc         Bwac         Bdbc         Bdac 
          ph  1.00000e+00 
          se -1.70361e-02  1.00000e+00 
          mn  0.00000e+00 -2.71051e-20  1.00000e+00 
          st -2.71051e-20 -2.71051e-20  2.71051e-20  1.00000e+00 
          cw -1.99152e-03  2.17246e-03 -2.71051e-20  4.09286e-18  1.00000e+00 
          ch  1.49260e-02  1.91579e-02 -8.13152e-20 -7.99599e-18 -2.16077e-03  1.00000e+00 
          wt  8.63025e-17  6.77626e-19  2.71051e-20 -8.13152e-20  2.79182e-18  1.97596e-17  1.00000e+00 
          kd -1.91465e-02 -2.34020e-02  0.00000e+00  1.19262e-18  4.25458e-03  2.12742e-02 -1.52873e-17  1.00000e+00 
          tu  1.62630e-17  2.07471e-03  2.71051e-20 -8.13152e-20  2.08768e-03  2.07467e-03 -4.41812e-18  5.52943e-18  1.00000e+00 
          Qp -9.28840e-02  3.87754e-01 -1.26581e-17 -7.20863e-04 -1.12548e-02 -1.56536e-02  5.42086e-04  8.93298e-01 -4.72680e-03  1.00000e+00 
          Tp  8.03803e-02 -4.51341e-02 -2.35678e-17  1.21948e-04  5.74315e-03 -1.31170e-02 -1.21948e-04 -8.40843e-01  4.95220e-03 -8.19313e-01  1.00000e+00 
          Bw  5.01366e-02  2.46931e-01 -2.18196e-18 -1.47858e-03 -1.08391e-02 -3.15326e-02  9.64003e-04  9.42723e-01 -9.19620e-02  9.49075e-01 -8.16780e-01  1.00000e+00 
          Bd  1.49260e-02  1.91579e-02 -8.13152e-20 -7.99599e-18 -2.16077e-03  1.00000e+00  1.97596e-17  2.12742e-02  2.07467e-03 -1.56536e-02 -1.31170e-02 -3.15326e-02  1.00000e+00 
          Tc  1.01542e-01 -2.19645e-01 -5.75305e-18 -1.91618e-05  4.72068e-03  1.03226e-01 -3.15883e-05 -8.09732e-01  1.11348e-02 -8.62118e-01  8.36652e-01 -8.05345e-01  1.03226e-01  1.00000e+00 
        Bwbc -4.09782e-02 -1.29311e-01  2.88669e-18 -5.92986e-05 -2.00173e-02  1.90301e-01 -2.84776e-05 -5.06850e-01  3.47987e-03 -5.41128e-01  5.91923e-01 -5.22945e-01  1.90301e-01  8.24621e-01  1.00000e+00 
        Bwac -2.75020e-01  5.11833e-02  3.93023e-19 -8.58249e-04 -3.76153e-02  2.03689e-01  3.64401e-04  5.54316e-01  6.86166e-03  5.17313e-01 -3.26312e-01  5.03907e-01  2.03689e-01 -1.43789e-01  3.15283e-01  1.00000e+00 
        Bdbc  1.24946e-01 -4.40497e-02 -4.51638e-18  5.70989e-04 -1.12007e-02  2.08088e-01 -6.45266e-04 -4.66480e-01  7.57584e-03 -5.03640e-01  4.70309e-01 -4.62151e-01  2.08088e-01  6.97236e-01  7.64022e-01  1.58984e-01  1.00000e+00 
        Bdac  7.01122e-02  2.38791e-01 -3.95734e-18 -8.01150e-04 -3.83057e-03  4.10059e-02  6.70606e-04  8.80524e-01 -3.30941e-03  8.86598e-01 -7.18011e-01  9.06708e-01  4.10059e-02 -7.53401e-01 -5.19793e-01  4.85799e-01 -4.33339e-01  1.00000e+00 

Partial Rank Correlation Matrix between input and output:
                       Qp           Tp           Bw           Bd           Tc         Bwbc         Bwac         Bdbc         Bdac 
          ph -3.75520e-01  1.17450e-01  4.50238e-01  3.68802e-09  1.53448e-01 -6.83414e-02 -3.30357e-01  1.30570e-01  2.30354e-01 
          se  9.24869e-01 -1.18800e-01  8.80361e-01    -nan(ind) -4.21990e-01 -1.74742e-01  7.30151e-02 -6.74100e-02  5.60128e-01 
          mn  0.00000e+00  0.00000e+00  0.00000e+00    -nan(ind)  0.00000e+00  0.00000e+00  0.00000e+00  0.00000e+00  0.00000e+00 
          st -4.29375e-03  2.28572e-04 -1.01032e-02    -nan(ind) -3.72162e-05 -7.20116e-05 -1.12730e-03  6.73507e-04 -2.07795e-03 
          cw -9.60255e-02  1.79667e-02 -1.03742e-01 -2.14828e-10  1.77079e-02 -2.08615e-02 -5.27085e-02 -9.90534e-03 -2.06198e-02 
          ch -2.40874e-01  9.50139e-03 -3.67901e-01  1.00000e+00  2.34005e-01  2.41308e-01  2.47842e-01  2.48366e-01  4.07778e-02 
          wt  3.22890e-03 -2.28572e-04  6.58723e-03    -nan(ind) -6.13510e-05 -3.45829e-05  4.78638e-04 -7.61121e-04  1.73936e-03 
          kd  9.83111e-01 -8.44322e-01  9.88369e-01    -nan(ind) -8.45690e-01 -5.30448e-01  5.82894e-01 -4.84811e-01  9.17182e-01 
          tu -3.24700e-02  9.47276e-03 -5.33775e-01    -nan(ind)  2.20503e-02  4.12170e-03  8.43957e-03  8.56439e-03 -1.00285e-02 