%eval_id interface mn             l_cw           l_dh           l_ibd          l_ibh          v_rv           d_tuw          e_kd           p_tauc         AvgErr         
1        interface1 0.025          12.2           15.56          0.028          0.3            15577224.21    19             33             2.5            798.094        
2        interface1 0.025          12.2           15.56          0.028          0.3            15577224.21    19             33             1.5            798.094        
3        interface1 0.025          12.2           15.56          0.028          0.3            15577224.21    19             34             2.5            798.094        
4        interface1 0.025          12.2           15.56          0.05           0.3            15577224.21    19             33             2.5            848.51         
5        interface1 0.025          12.2           15.56          0.028          0.3            15577224.21    20             33             2.5            798.094        
6        interface1 0.025          12.2           15.56          0.028          0.3            15577223.21    19             33             2.5            798.094        
7        interface1 0.025          11.6           15.56          0.028          0.3            15577224.21    19             33             2.5            797.979        
8        interface1 0.025          11.6           15.56          0.028          0.3            15577224.21    19             34             2.5            797.979        
9        interface1 0.025          11.6           15.56          0.028          0.3            15577223.21    19             33             2.5            797.979        
10       interface1 0.025          11.6           15.56          0.028          0.3            15577224.21    19             33             3.5            797.979        
11       interface1 0.025          11.6           15.56          0.028          0.3            15577224.21    19             32             2.5            772.713        
12       interface1 0.025          11.6           15.56          0.028          0.3            15577224.21    19             32             1.5            773.824        
13       interface1 0.025          11.6           15.6           0.028          0.3            15577224.21    19             32             2.5            772.713        
14       interface1 0.025          11.6           15.56          0.05           0.3            15577224.21    19             32             2.5            847.399        
15       interface1 0.025          11.6           15.56          0.01           0.3            15577224.21    19             32             2.5            772.713        
16       interface1 0.025          11.6           15.56          0.028          0.3            15577224.21    19             32             3.5            772.713        
17       interface1 0.025          11.6           15.56          0.028          0.3            15577225.21    19             32             2.5            772.713        
18       interface1 0.025          11.6           15.56          0.028          0.3            15577224.21    19             31             2.5            772.713        
19       interface1 0.025          11.6           15.56          0.028          0.6            15577224.21    19             32             2.5            772.597        
20       interface1 0.025          11.6           15.56          0.028          0.6            15577224.21    19             32             3.5            772.597        
21       interface1 0.025          11.6           15.5           0.028          0.6            15577224.21    19             32             2.5            772.597        
22       interface1 0.025          11.6           15.56          0.05           0.6            15577224.21    19             32             2.5            847.283        
23       interface1 0.025          12.6           15.56          0.028          0.6            15577224.21    19             32             2.5            772.713        
24       interface1 0.025          11.6           15.56          0.028          0.6            15577224.21    20             32             2.5            772.597        
25       interface1 0.025          11.6           15.56          0.028          0.6            15577224.21    19             32             1.5            772.597        
26       interface1 0.025          11.6           15.6           0.028          0.6            15577224.21    19             32             2.5            772.597        
27       interface1 0.025          11.6           15.56          0.028          0.6            15577225.21    19             32             2.5            772.597        
28       interface1 0.025          11.6           15.56          0.028          0.6            15577224.21    19             31             2.5            772.597        
29       interface1 0.025          11.6           15.56          0.01           0.6            15577224.21    19             32             2.5            772.597        
30       interface1 0.025          11.6           15.56          0.028          0.6            15577223.21    19             32             2.5            772.597        
31       interface1 0.025          11.6           15.56          0.028          0.6            15577224.21    19             33             2.5            773.708        
32       interface1 0.025          11.6           15.56          0.028          0.6            15577224.21    18             32             2.5            772.597        
33       interface1 0.025          11.6           15.56          0.028          0              15577224.21    19             32             2.5            872.78         
34       interface1 0.025          11.6           15.56          0.028          0.6            15577224.21    19             32             3              772.597        
35       interface1 0.025          12.1           15.56          0.028          0.6            15577224.21    19             32             2.5            772.597        
36       interface1 0.025          11.6           15.56          0.028          0.6            15577224.21    19.5           32             2.5            772.597        
37       interface1 0.025          11.6           15.56          0.028          0.6            15577224.21    19             32             2              772.597        
38       interface1 0.025          11.6           15.52875       0.028          0.6            15577224.21    19             32             2.5            772.597        
39       interface1 0.025          11.6           15.56          0.043625       0.6            15577224.21    19             32             2.5            823.129        
40       interface1 0.025          11.6           15.56          0.028          0.6            15577224.71    19             32             2.5            772.597        
41       interface1 0.025          11.6           15.56          0.028          0.6            15577224.21    19             31.5           2.5            772.597        
42       interface1 0.025          11.6           15.56          0.028          0.6            15577223.71    19             32             2.5            772.597        
43       interface1 0.025          11.6           15.59125       0.028          0.6            15577224.21    19             32             2.5            772.597        
44       interface1 0.025          11.6           15.56          0.028          0.6            15577224.21    19             32.5           2.5            772.597        
45       interface1 0.025          11.6           15.56          0.028          0.6            15577224.21    18.5           32             2.5            772.597        
46       interface1 0.025          11.6           15.56          0.028          0.1            15577224.21    19             32             2.5            773.94         
47       interface1 0.025          11.6           15.56          0.028          0.6            15577224.21    19             32             2.75           772.597        
48       interface1 0.025          11.6           15.56          0.012375       0.6            15577224.21    19             32             2.5            847.283        
49       interface1 0.025          11.85          15.56          0.028          0.6            15577224.21    19             32             2.5            772.597        
50       interface1 0.025          11.6           15.56          0.028          0.6            15577224.21    19.25          32             2.5            772.597        
51       interface1 0.025          11.6           15.56          0.028          0.6            15577224.21    19             32             2.25           772.597        
52       interface1 0.025          11.6           15.544375      0.028          0.6            15577224.21    19             32             2.5            772.597        
53       interface1 0.025          11.6           15.56          0.028          0.6            15577224.46    19             32             2.5            772.597        
54       interface1 0.025          11.6           15.56          0.028          0.6            15577224.21    19             31.75          2.5            772.597        
55       interface1 0.025          11.6           15.56          0.028          0.6            15577223.96    19             32             2.5            772.597        
56       interface1 0.025          11.6           15.575625      0.028          0.6            15577224.21    19             32             2.5            772.597        
57       interface1 0.025          11.6           15.56          0.028          0.6            15577224.21    19             32.25          2.5            772.597        
58       interface1 0.025          11.6           15.56          0.028          0.6            15577224.21    18.75          32             2.5            772.597        
59       interface1 0.025          11.6           15.56          0.028          0.35           15577224.21    19             32             2.5            772.713        
60       interface1 0.025          11.6           15.56          0.028          0.6            15577224.21    19             32             2.625          772.597        
61       interface1 0.025          11.725         15.56          0.028          0.6            15577224.21    19             32             2.5            772.597        
62       interface1 0.025          11.6           15.56          0.028          0.6            15577224.21    19.125         32             2.5            772.597        
63       interface1 0.025          11.6           15.56          0.028          0.6            15577224.21    19             32             2.375          772.597        
64       interface1 0.025          11.6           15.56          0.028          0.6            15577224.33    19             32             2.5            772.597        
65       interface1 0.025          11.6           15.56          0.028          0.6            15577224.21    19             31.875         2.5            772.597        
66       interface1 0.025          11.6           15.56          0.028          0.6            15577224.08    19             32             2.5            772.597        
67       interface1 0.025          11.6           15.56          0.028          0.6            15577224.21    19             32.125         2.5            772.597        
68       interface1 0.025          11.6           15.56          0.028          0.6            15577224.21    18.875         32             2.5            772.597        
69       interface1 0.025          11.6           15.56          0.028          0.475          15577224.21    19             32             2.5            772.597        
70       interface1 0.025          11.6           15.56          0.028          0.6            15577224.21    19             32             2.5625         772.597        
71       interface1 0.025          11.6625        15.56          0.028          0.6            15577224.21    19             32             2.5            772.597        
72       interface1 0.025          11.6           15.56          0.028          0.6            15577224.21    19.0625        32             2.5            772.597        
73       interface1 0.025          11.6           15.56          0.028          0.6            15577224.21    19             32             2.4375         772.597        
74       interface1 0.025          11.6           15.56          0.028          0.6            15577224.27    19             32             2.5            772.597        
75       interface1 0.025          11.6           15.56          0.028          0.6            15577224.21    19             31.9375        2.5            772.597        
76       interface1 0.025          11.6           15.56          0.028          0.6            15577224.14    19             32             2.5            772.597        
77       interface1 0.025          11.6           15.56          0.028          0.6            15577224.21    19             32.0625        2.5            772.597        
78       interface1 0.025          11.6           15.56          0.028          0.6            15577224.21    18.9375        32             2.5            772.597        
79       interface1 0.025          11.6           15.56          0.028          0.5375         15577224.21    19             32             2.5            772.597        
80       interface1 0.025          11.6           15.56          0.028          0.6            15577224.21    19             32             2.53125        772.597        
81       interface1 0.025          11.63125       15.56          0.028          0.6            15577224.21    19             32             2.5            772.597        
82       interface1 0.025          11.6           15.56          0.028          0.6            15577224.21    19.03125       32             2.5            772.597        
83       interface1 0.025          11.6           15.56          0.028          0.6            15577224.21    19             32             2.46875        772.597        
84       interface1 0.025          11.6           15.56          0.028          0.6            15577224.24    19             32             2.5            772.597        
85       interface1 0.025          11.6           15.56          0.028          0.6            15577224.21    19             31.96875       2.5            772.597        
86       interface1 0.025          11.6           15.56          0.028          0.6            15577224.17    19             32             2.5            772.597        
87       interface1 0.025          11.6           15.56          0.028          0.6            15577224.21    19             32.03125       2.5            772.597        
88       interface1 0.025          11.6           15.56          0.028          0.6            15577224.21    18.96875       32             2.5            772.597        
89       interface1 0.025          11.6           15.56          0.028          0.56875        15577224.21    19             32             2.5            772.597        
90       interface1 0.025          11.6           15.56          0.028          0.6            15577224.21    19             32             2.515625       772.597        
91       interface1 0.025          11.615625      15.56          0.028          0.6            15577224.21    19             32             2.5            772.597        
92       interface1 0.025          11.6           15.56          0.028          0.6            15577224.21    19.015625      32             2.5            772.597        
93       interface1 0.025          11.6           15.56          0.028          0.6            15577224.21    19             32             2.484375       772.597        
94       interface1 0.025          11.6           15.56          0.028          0.6            15577224.22    19             32             2.5            772.597        
95       interface1 0.025          11.6           15.56          0.028          0.6            15577224.21    19             31.984375      2.5            772.597        
96       interface1 0.025          11.6           15.56          0.028          0.6            15577224.19    19             32             2.5            772.597        
97       interface1 0.025          11.6           15.56          0.028          0.6            15577224.21    19             32.015625      2.5            772.597        
98       interface1 0.025          11.6           15.56          0.028          0.6            15577224.21    18.984375      32             2.5            772.597        
99       interface1 0.025          11.6           15.56          0.028          0.584375       15577224.21    19             32             2.5            772.597        
