buffer:                                         Breach Erosion Details

                                                                                                                                                                                                                                                                     Breach Area Location
     Time     Xc( 0)    Yc( 0)    Xc( 1)    Yc( 1)    Xc( 2)    Yc( 2)    Xc( 3)    Yc( 3)    Xc( 4)    Yc( 4)    Xc( 5)    Yc( 5)    Xc( 6)    Yc( 6)    Xc( 7)    Yc( 7)    Xc( 8)    Yc( 8)    Xc( 9)    Yc( 9)    Xc(10)    Yc(10)    Xc(11)    Yc(11)    Xc(12)    Yc(12)    Xc(13)    Yc(13)    Xc(14)    Yc(14) Low Edge  High Edge      Flow
     (hrs)    (feet)    (feet)    (feet)    (feet)    (feet)    (feet)    (feet)    (feet)    (feet)    (feet)    (feet)    (feet)    (feet)    (feet)    (feet)    (feet)    (feet)    (feet)    (feet)    (feet)    (feet)    (feet)    (feet)    (feet)    (feet)    (feet)    (feet)    (feet)    (feet)    (feet)    (feet)    (feet)      Code
      0.00      0.00      0.00      3.00      1.00      3.49      1.16    171.26     57.09    211.26     57.09    379.02      1.16    379.52      1.00    382.52      0.00    379.52      1.00    379.52      1.00    379.52     57.09    379.52      1.16    379.02      1.16      0.00      0.00    379.52      1.00    984.17    984.33         1
      0.03      0.00      0.00      2.57      0.86      3.92      1.31    171.26     57.09    211.26     57.09    378.59      1.31    379.95      0.86    382.52      0.00    379.52      0.86    379.52      0.00    379.52     57.09    379.52      1.31    378.59      1.31    379.52      0.60    379.52      1.00    984.02    984.48         1
      0.05      0.00      0.00      0.71      0.24      5.78      1.93    171.26     57.09    211.26     57.09    376.74      1.93    381.80      0.24    382.52      0.00    379.52      0.24    379.52      0.00    379.52     57.09    379.52      1.93    376.74      1.93    379.52      2.55    379.52      1.00    983.41    985.09         1
      0.08      0.00      0.00      0.00      0.00     13.29      4.43    171.26     57.09    211.26     57.09    369.22      4.43    382.52      0.00    382.52      0.00    379.52      0.00    379.52      0.00    379.52     57.09    379.52      4.43    369.22      4.43    379.52      4.43    379.52      1.00    980.90    987.60         1
      0.10      0.00      0.00      0.00      0.00     32.29     10.76    171.26     57.09    211.26     57.09    350.22     10.76    382.52      0.00    382.52      0.00    379.52      0.00    379.52      0.00    379.52     57.09    379.52     10.76    350.22     10.76    379.52     10.76    379.52      1.00    974.57    993.93         1
      0.12      0.00      0.00      0.00      0.00     58.44     19.48    171.26     57.09    211.26     57.09    324.08     19.48    382.52      0.00    382.52      0.00    379.52      0.00    379.52      0.00    379.52     57.09    379.52     19.48    324.08     19.48    379.52     19.48    379.52      1.00    965.85   1002.65         1
      0.15      0.00      0.00      0.00      0.00     79.69     26.56    171.26     57.09    211.26     57.09    302.83     26.56    382.52      0.00    382.52      0.00    379.52      0.00    379.52      0.00    379.52     57.09    379.52     26.56    302.83     26.56    379.52     26.56    379.52      1.00    958.77   1009.73         1
      0.17      0.00      0.00      0.00      0.00     94.60     31.53    171.26     57.09    211.26     57.09    287.91     31.53    382.52      0.00    382.52      0.00    379.52      0.00    379.52      0.00    379.52     57.09    379.52     28.47    267.67     31.53    379.52     28.47    379.52      1.00    953.80   1014.70         3
      0.20      0.00      0.00      0.00      0.00    104.90     34.97    171.26     57.09    211.26     57.09    277.61     34.97    382.52      0.00    382.52      0.00    379.52      0.00    379.52      0.00    379.52     57.09    379.52     28.80    100.16     33.39    379.52     28.80    379.52      1.00    950.36   1018.14         4
      0.30      0.00      0.00      0.00      0.00    171.26     57.09    171.26     57.09    211.26     57.09    211.26     57.09    382.52      0.00    382.52      0.00    379.52      0.00    379.52      0.00    379.52     57.09    379.52     28.68     98.76     32.92    379.52     28.68    379.52      1.00    938.21   1030.29         4
      0.40      0.00      0.00      0.00      0.00    171.26     57.09    171.26     57.09    211.26     57.09    211.26     57.09    382.52      0.00    382.52      0.00    379.52      0.00    379.52      0.00    379.52     57.09    379.52     28.45     97.25     32.42    379.52     28.45    379.52      1.00    926.47   1042.03         4
      0.50      0.00      0.00      0.00      0.00    171.26     57.09    171.26     57.09    211.26     57.09    211.26     57.09    382.52      0.00    382.52      0.00    379.52      0.00    379.52      0.00    379.52     57.09    379.52     28.16     95.86     31.95    379.52     28.16    379.52      1.00    915.01   1053.49         4
      0.60      0.00      0.00      0.00      0.00    171.26     57.09    171.26     57.09    211.26     57.09    211.26     57.09    382.52      0.00    382.52      0.00    379.52      0.00    379.52      0.00    379.52     57.09    379.52     26.93     91.67     30.56    379.52     26.93    379.52      1.00    903.81   1064.69         4
      0.70      0.00      0.00      0.00      0.00    171.26     57.09    171.26     57.09    211.26     57.09    211.26     57.09    382.52      0.00    382.52      0.00    379.52      0.00    379.52      0.00    379.52     57.09    379.52     24.82     84.84     28.28    379.52     24.82    379.52      1.00    893.16   1075.34         4
      0.80      0.00      0.00      0.00      0.00    171.26     57.09    171.26     57.09    211.26     57.09    211.26     57.09    382.52      0.00    382.52      0.00    379.52      0.00    379.52      0.00    379.52     57.09    379.52     22.74     78.19     26.06    379.52     22.74    379.52      1.00    883.35   1085.15         4
      0.90      0.00      0.00      0.00      0.00    171.26     57.09    171.26     57.09    211.26     57.09    211.26     57.09    382.52      0.00    382.52      0.00    379.52      0.00    379.52      0.00    379.52     57.09    379.52     20.74     71.78     23.93    379.52     20.74    379.52      1.00    874.34   1094.16         4
      1.00      0.00      0.00      0.00      0.00    171.26     57.09    171.26     57.09    211.26     57.09    211.26     57.09    382.52      0.00    382.52      0.00    379.52      0.00    379.52      0.00    379.52     57.09    379.52     18.87     65.71     21.90    379.52     18.87    379.52      1.00    866.09   1102.41         4
      1.10      0.00      0.00      0.00      0.00    171.26     57.09    171.26     57.09    211.26     57.09    211.26     57.09    382.52      0.00    382.52      0.00    379.52      0.00    379.52      0.00    379.52     57.09    379.52     17.11     60.04     20.01    379.52     17.11    379.52      1.00    858.53   1109.97         4
      1.20      0.00      0.00      0.00      0.00    171.26     57.09    171.26     57.09    211.26     57.09    211.26     57.09    382.52      0.00    382.52      0.00    379.52      0.00    379.52      0.00    379.52     57.09    379.52     15.51     54.89     18.30    379.52     15.51    379.52      1.00    851.62   1116.88         4
      1.30      0.00      0.00      0.00      0.00    171.26     57.09    171.26     57.09    211.26     57.09    211.26     57.09    382.52      0.00    382.52      0.00    379.52      0.00    379.52      0.00    379.52     57.09    379.52     14.06     50.26     16.75    379.52     14.06    379.52      1.00    845.33   1123.17         4
      1.40      0.00      0.00      0.00      0.00    171.26     57.09    171.26     57.09    211.26     57.09    211.26     57.09    382.52      0.00    382.52      0.00    379.52      0.00    379.52      0.00    379.52     57.09    379.52     12.76     46.06     15.35    379.52     12.76    379.52      1.00    839.61   1128.89         4
      1.50      0.00      0.00      0.00      0.00    171.26     57.09    171.26     57.09    211.26     57.09    211.26     57.09    382.52      0.00    382.52      0.00    379.52      0.00    379.52      0.00    379.52     57.09    379.52     11.57     42.17     14.06    379.52     11.57    379.52      1.00    834.39   1134.11         4
      1.60      0.00      0.00      0.00      0.00    171.26     57.09    171.26     57.09    211.26     57.09    211.26     57.09    382.52      0.00    382.52      0.00    379.52      0.00    379.52      0.00    379.52     57.09    379.52     10.53     38.76     12.92    379.52     10.53    379.52      1.00    829.64   1138.86         4
      1.70      0.00      0.00      0.00      0.00    171.26     57.09    171.26     57.09    211.26     57.09    211.26     57.09    382.52      0.00    382.52      0.00    379.52      0.00    379.52      0.00    379.52     57.09    379.52      9.59     35.69     11.90    379.52      9.59    379.52      1.00    825.32   1143.18         4
      1.80      0.00      0.00      0.00      0.00    171.26     57.09    171.26     57.09    211.26     57.09    211.26     57.09    382.52      0.00    382.52      0.00    379.52      0.00    379.52      0.00    379.52     57.09    379.52      8.75     32.93     10.98    379.52      8.75    379.52      1.00    821.38   1147.12         4
      1.90      0.00      0.00      0.00      0.00    171.26     57.09    171.26     57.09    211.26     57.09    211.26     57.09    382.52      0.00    382.52      0.00    379.52      0.00    379.52      0.00    379.52     57.09    379.52      8.00     30.43     10.14    379.52      8.00    379.52      1.00    817.79   1150.71         4
      2.00      0.00      0.00      0.00      0.00    171.26     57.09    171.26     57.09    211.26     57.09    211.26     57.09    382.52      0.00    382.52      0.00    379.52      0.00    379.52      0.00    379.52     57.09    379.52      7.32     28.17      9.39    379.52      7.32    379.52      1.00    814.52   1153.98         4
      2.10      0.00      0.00      0.00      0.00    171.26     57.09    171.26     57.09    211.26     57.09    211.26     57.09    382.52      0.00    382.52      0.00    379.52      0.00    379.52      0.00    379.52     57.09    379.52      6.72     26.17      8.72    379.52      6.72    379.52      1.00    811.54   1156.96         4
      2.20      0.00      0.00      0.00      0.00    171.26     57.09    171.26     57.09    211.26     57.09    211.26     57.09    382.52      0.00    382.52      0.00    379.52      0.00    379.52      0.00    379.52     57.09    379.52      6.19     24.37      8.12    379.52      6.19    379.52      1.00    808.82   1159.68         4
      2.30      0.00      0.00      0.00      0.00    171.26     57.09    171.26     57.09    211.26     57.09    211.26     57.09    382.52      0.00    382.52      0.00    379.52      0.00    379.52      0.00    379.52     57.09    379.52      5.70     22.72      7.57    379.52      5.70    379.52      1.00    806.34   1162.16         4
      2.40      0.00      0.00      0.00      0.00    171.26     57.09    171.26     57.09    211.26     57.09    211.26     57.09    382.52      0.00    382.52      0.00    379.52      0.00    379.52      0.00    379.52     57.09    379.52      5.27     21.26      7.09    379.52      5.27    379.52      1.00    804.08   1164.42         4
      2.50      0.00      0.00      0.00      0.00    171.26     57.09    171.26     57.09    211.26     57.09    211.26     57.09    382.52      0.00    382.52      0.00    379.52      0.00    379.52      0.00    379.52     57.09    379.52      4.88     19.92      6.64    379.52      4.88    379.52      1.00    802.01   1166.49         4
      2.60      0.00      0.00      0.00      0.00    171.26     57.09    171.26     57.09    211.26     57.09    211.26     57.09    382.52      0.00    382.52      0.00    379.52      0.00    379.52      0.00    379.52     57.09    379.52      4.54     18.72      6.24    379.52      4.54    379.52      1.00    800.13   1168.37         4
      2.70      0.00      0.00      0.00      0.00    171.26     57.09    171.26     57.09    211.26     57.09    211.26     57.09    382.52      0.00    382.52      0.00    379.52      0.00    379.52      0.00    379.52     57.09    379.52      4.22     17.60      5.87    379.52      4.22    379.52      1.00    798.40   1170.10         4
      2.80      0.00      0.00      0.00      0.00    171.26     57.09    171.26     57.09    211.26     57.09    211.26     57.09    382.52      0.00    382.52      0.00    379.52      0.00    379.52      0.00    379.52     57.09    379.52      3.93     16.60      5.53    379.52      3.93    379.52      1.00    796.83   1171.67         4
      2.90      0.00      0.00      0.00      0.00    171.26     57.09    171.26     57.09    211.26     57.09    211.26     57.09    382.52      0.00    382.52      0.00    379.52      0.00    379.52      0.00    379.52     57.09    379.52      3.67     15.68      5.23    379.52      3.67    379.52      1.00    795.39   1173.11         4
      3.00      0.00      0.00      0.00      0.00    171.26     57.09    171.26     57.09    211.26     57.09    211.26     57.09    382.52      0.00    382.52      0.00    379.52      0.00    379.52      0.00    379.52     57.09    379.52      3.44     14.85      4.95    379.52      3.44    379.52      1.00    794.08   1174.42         4
      3.10      0.00      0.00      0.00      0.00    171.26     57.09    171.26     57.09    211.26     57.09    211.26     57.09    382.52      0.00    382.52      0.00    379.52      0.00    379.52      0.00    379.52     57.09    379.52      3.22     14.08      4.69    379.52      3.22    379.52      1.00    792.89   1175.61         4
      3.20      0.00      0.00      0.00      0.00    171.26     57.09    171.26     57.09    211.26     57.09    211.26     57.09    382.52      0.00    382.52      0.00    379.52      0.00    379.52      0.00    379.52     57.09    379.52      3.03     13.37      4.46    379.52      3.03    379.52      1.00    791.80   1176.70         4
      3.30      0.00      0.00      0.00      0.00    171.26     57.09    171.26     57.09    211.26     57.09    211.26     57.09    382.52      0.00    382.52      0.00    379.52      0.00    379.52      0.00    379.52     57.09    379.52      2.84     12.71      4.24    379.52      2.84    379.52      1.00    790.80   1177.70         4
      3.40      0.00      0.00      0.00      0.00    171.26     57.09    171.26     57.09    211.26     57.09    211.26     57.09    382.52      0.00    382.52      0.00    379.52      0.00    379.52      0.00    379.52     57.09    379.52      2.68     12.12      4.04    379.52      2.68    379.52      1.00    789.90   1178.60         4
      3.50      0.00      0.00      0.00      0.00    171.26     57.09    171.26     57.09    211.26     57.09    211.26     57.09    382.52      0.00    382.52      0.00    379.52      0.00    379.52      0.00    379.52     57.09    379.52      2.53     11.56      3.85    379.52      2.53    379.52      1.00    789.08   1179.42         4
      3.60      0.00      0.00      0.00      0.00    171.26     57.09    171.26     57.09    211.26     57.09    211.26     57.09    382.52      0.00    382.52      0.00    379.52      0.00    379.52      0.00    379.52     57.09    379.52      2.39     11.05      3.68    379.52      2.39    379.52      1.00    788.33   1180.17         4
      3.70      0.00      0.00      0.00      0.00    171.26     57.09    171.26     57.09    211.26     57.09    211.26     57.09    382.52      0.00    382.52      0.00    379.52      0.00    379.52      0.00    379.52     57.09    379.52      2.26     10.56      3.52    379.52      2.26    379.52      1.00    787.66   1180.84         4
      3.80      0.00      0.00      0.00      0.00    171.26     57.09    171.26     57.09    211.26     57.09    211.26     57.09    382.52      0.00    382.52      0.00    379.52      0.00    379.52      0.00    379.52     57.09    379.52      2.14     10.12      3.37    379.52      2.14    379.52    10.12      3.37    379.52      2.14    379.52  

Time detected 
low line:     984.17 
high line:     984.33 
low 984.169983, high 984.330017
low line:     984.02 
high line:     984.48 
low 984.020020, high 984.479980
low line:     983.41 
high line:     985.09 
low 983.409973, high 985.090027
low line:     980.90 
high line:     987.60 
low 980.900024, high 987.599976
low line:     974.57 
high line:     993.93 
low 974.570007, high 993.929993
low line:     965.85 
high line:    1002.65 
low 965.849976, high 1002.650024
low line:     958.77 
high line:    1009.73 
low 958.770020, high 1009.729980
low line:     953.80 
high line:    1014.70 
low 953.799988, high 1014.700012
low line:     950.36 
high line:    1018.14 
low 950.359985, high 1018.140015
low line:     938.21 
high line:    1030.29 
low 938.210022, high 1030.290039
low line:     926.47 
high line:    1042.03 
low 926.469971, high 1042.030029
low line:     915.01 
high line:    1053.49 
low 915.010010, high 1053.489990
low line:     903.81 
high line:    1064.69 
low 903.809998, high 1064.689941
low line:     893.16 
high line:    1075.34 
low 893.159973, high 1075.339966
low line:     883.35 
high line:    1085.15 
low 883.349976, high 1085.150024
low line:     874.34 
high line:    1094.16 
low 874.340027, high 1094.160034
low line:     866.09 
high line:    1102.41 
low 866.090027, high 1102.410034
low line:     858.53 
high line:    1109.97 
low 858.530029, high 1109.969971
low line:     851.62 
high line:    1116.88 
low 851.619995, high 1116.880005
low line:     845.33 
high line:    1123.17 
low 845.330017, high 1123.170044
low line:     839.61 
high line:    1128.89 
low 839.609985, high 1128.890015
low line:     834.39 
high line:    1134.11 
low 834.390015, high 1134.109985
low line:     829.64 
high line:    1138.86 
low 829.640015, high 1138.859985
low line:     825.32 
high line:    1143.18 
low 825.320007, high 1143.180054
low line:     821.38 
high line:    1147.12 
low 821.380005, high 1147.119995
low line:     817.79 
high line:    1150.71 
low 817.789978, high 1150.709961
low line:     814.52 
high line:    1153.98 
low 814.520020, high 1153.979980
low line:     811.54 
high line:    1156.96 
low 811.539978, high 1156.959961
low line:     808.82 
high line:    1159.68 
low 808.820007, high 1159.680054
low line:     806.34 
high line:    1162.16 
low 806.340027, high 1162.160034
low line:     804.08 
high line:    1164.42 
low 804.080017, high 1164.420044
low line:     802.01 
high line:    1166.49 
low 802.010010, high 1166.489990
low line:     800.13 
high line:    1168.37 
low 800.130005, high 1168.369995
low line:     798.40 
high line:    1170.10 
low 798.400024, high 1170.099976
low line:     796.83 
high line:    1171.67 
low 796.830017, high 1171.670044
low line:     795.39 
high line:    1173.11 
low 795.390015, high 1173.109985
low line:     794.08 
high line:    1174.42 
low 794.080017, high 1174.420044
low line:     792.89 
high line:    1175.61 
low 792.890015, high 1175.609985
low line:     791.80 
high line:    1176.70 
low 791.799988, high 1176.699951
low line:     790.80 
high line:    1177.70 
low 790.799988, high 1177.699951
low line:     789.90 
high line:    1178.60 
low 789.900024, high 1178.599976
low line:     789.08 
high line:    1179.42 
low 789.080017, high 1179.420044
low line:     788.33 
high line:    1180.17 
low 788.330017, high 1180.170044
low line:     787.66 
high line:    1180.84 
low 787.659973, high 1180.839966
low line:      3.37  
high line:    379.52  
low 3.370000, high 379.519989
buffer:    1.00    787.05   1181.45         4
      3.90      0.00      0.00      0.00      0.00    171.26     57.09    171.26     57.09    211.26     57.09    211.26     57.09    382.52      0.00    382.52      0.00    379.52      0.00    379.52      0.00    379.52     57.09    379.52      2.04      9.71      3.24    379.52      2.04    379.52      1.00    786.50   1182.00         4
      4.00      0.00      0.00      0.00      0.00    171.26     57.09    171.26     57.09    211.26     57.09    211.26     57.09    382.52      0.00    382.52      0.00    379.52      0.00    379.52      0.00    379.52     57.09    379.52      1.94      9.33      3.11    379.52      1.94    379.52      1.00    786.01   1182.49         4
      4.10      0.00      0.00      0.00      0.00    171.26     57.09    171.26     57.09    211.26     57.09    211.26     57.09    382.52      0.00    382.52      0.00    379.52      0.00    379.52      0.00    379.52     57.09    379.52      1.84      8.97      2.99    379.52      1.84    379.52      1.00    785.57   1182.93         4
      4.20      0.00      0.00      0.00      0.00    171.26     57.09    171.26     57.09    211.26     57.09    211.26     57.09    382.52      0.00    382.52      0.00    379.52      0.00    379.52      0.00    379.52     57.09    379.52      1.76      8.63      2.88    379.52      1.76    379.52      1.00    785.17   1183.33         4
      4.30      0.00      0.00      0.00      0.00    171.26     57.09    171.26     57.09    211.26     57.09    211.26     57.09    382.52      0.00    382.52      0.00    379.52      0.00    379.52      0.00    379.52     57.09    379.52      1.67      8.32      2.77    379.52      1.67    379.52      1.00    784.83   1183.67         4
      4.40      0.00      0.00      0.00      0.00    171.26     57.09    171.26     57.09    211.26     57.09    211.26     57.09    382.52      0.00    382.52      0.00    379.52      0.00    379.52      0.00    379.52     57.09    379.52      1.60      8.02      2.67    379.52      1.60    379.52      1.00    784.52   1183.98         4
      4.50      0.00      0.00      0.00      0.00    171.26     57.09    171.26     57.09    211.26     57.09    211.26     57.09    382.52      0.00    382.52      0.00    379.52      0.00    379.52      0.00    379.52     57.09    379.52      1.53      7.74      2.58    379.52      1.53    379.52      1.00    784.26   1184.24         4
      4.60      0.00      0.00      0.00      0.00    171.26     57.09    171.26     57.09    211.26     57.09    211.26     57.09    382.52      0.00    382.52      0.00    379.52      0.00    379.52      0.00    379.52     57.09    379.52      1.46      7.48      2.49    379.52      1.46    379.52      1.00    784.03   1184.47         4
      4.70      0.00      0.00      0.00      0.00    171.26     57.09    171.26     57.09    211.26     57.09    211.26     57.09    382.52      0.00    382.52      0.00    379.52      0.00    379.52      0.00    379.52     57.09    379.52      1.40      7.24      2.41    379.52      1.40    379.52      1.00    783.83   1184.67         4
      4.80      0.00      0.00      0.00      0.00    171.26     57.09    171.26     57.09    211.26     57.09    211.26     57.09    382.52      0.00    382.52      0.00    379.52      0.00    379.52      0.00    379.52     57.09    379.52      1.35      7.01      2.34    379.52      1.35    379.52      1.00    783.67   1184.83         4
      4.90      0.00      0.00      0.00      0.00    171.26     57.09    171.26     57.09    211.26     57.09    211.26     57.09    382.52      0.00    382.52      0.00    379.52      0.00    379.52      0.00    379.52     57.09    379.52      1.29      6.79      2.26    379.52      1.29    379.52      1.00    783.54   1184.96         4
      5.00      0.00      0.00      0.00      0.00    171.26     57.09    171.26     57.09    211.26     57.09    211.26     57.09    382.52      0.00    382.52      0.00    379.52      0.00    379.52      0.00    379.52     57.09    379.52      1.24      6.58      2.19    379.52      1.24    379.52      1.00    783.44   1185.06         4
      5.10      0.00      0.00      0.00      0.00    171.26     57.09    171.26     57.09    211.26     57.09    211.26     57.09    382.52      0.00    382.52      0.00    379.52      0.00    379.52      0.00    379.52     57.09    379.52      1.19      6.38      2.13    379.52      1.19    379.52      1.00    783.36   1185.14         4
      5.20      0.00      0.00      0.00      0.00    171.26     57.09    171.26     57.09    211.26     57.09    211.26     57.09    382.52      0.00    382.52      0.00    379.52      0.00    379.52      0.00    379.52     57.09    379.52      1.15      6.21      2.07    379.52      1.15    379.52      1.00    783.31   1185.19         4
      5.30      0.00      0.00      0.00      0.00    171.26     57.09    171.26     57.09    211.26     57.09    211.26     57.09    382.52      0.00    382.52      0.00    379.52      0.00    379.52      0.00    379.52     57.09    379.52      1.11      6.02      2.01    379.52      1.11    379.52      1.00    783.28   1185.22         4
      5.40      0.00      0.00      0.00      0.00    171.26     57.09    171.26     57.09    211.26     57.09    211.26     57.09    382.52      0.00    382.52      0.00    379.52      0.00    379.52      0.00    379.52     57.09    379.52      1.07      5.86      1.95    379.52      1.07    379.52      1.00    783.27   1185.23         4
      5.50      0.00      0.00      0.00      0.00    171.26     57.09    171.26     57.09    211.26     57.09    211.26     57.09    382.52      0.00    382.52      0.00    379.52      0.00    379.52      0.00    379.52     57.09    379.52      1.03      5.71      1.90    379.52      1.03    379.52      1.00    783.27   1185.23         4
      5.60      0.00      0.00      0.00      0.00    171.26     57.09    171.26     57.09    211.26     57.09    211.26     57.09    382.52      0.00    382.52      0.00    379.52      0.00    379.52      0.00    379.52     57.09    379.52      1.00      5.56      1.85    379.52      1.00    379.52      1.00    783.27   1185.23         4
      5.70      0.00      0.00      0.00      0.00    171.26     57.09    171.26     57.09    211.26     57.09    211.26     57.09    382.52      0.00    382.52      0.00    379.52      0.00    379.52      0.00    379.52     57.09    379.52      0.96      5.41      1.80    379.52      0.96    379.52      1.00    783.27   1185.23         4
      5.80      0.00      0.00      0.00      0.00    171.26     57.09    171.26     57.09    211.26     57.09    211.26     57.09    382.52      0.00    382.52      0.00    379.52      0.00    379.52      0.00    379.52     57.09    379.52      0.93      5.27      1.76    379.52      0.93    379.52      1.00    783.27   1185.23         4
      5.90      0.00      0.00      0.00      0.00    171.26     57.09    171.26     57.09    211.26     57.09    211.26     57.09    382.52      0.00    382.52      0.00    379.52      0.00    379.52      0.00    379.52     57.09    379.52      0.90      5.14      1.71    379.52      0.90    379.52      1.00    783.27   1185.23         4
      6.00      0.00      0.00      0.00      0.00    171.26     57.09    171.26     57.09    211.26     57.09    211.26     57.09    382.52      0.00    382.52      0.00    379.52      0.00    379.52      0.00    379.52     57.09    379.52      0.87      5.02      1.67    379.52      0.87    379.52      1.00    783.27   1185.23         4
      6.10      0.00      0.00      0.00      0.00    171.26     57.09    171.26     57.09    211.26     57.09    211.26     57.09    382.52      0.00    382.52      0.00    379.52      0.00    379.52      0.00    379.52     57.09    379.52      0.84      4.90      1.63    379.52      0.84    379.52      1.00    783.27   1185.23         4
      6.20      0.00      0.00      0.00      0.00    171.26     57.09    171.26     57.09    211.26     57.09    211.26     57.09    382.52      0.00    382.52      0.00    379.52      0.00    379.52      0.00    379.52     57.09    379.52      0.82      4.79      1.60    379.52      0.82    379.52      1.00    783.27   1185.23         4
      6.30      0.00      0.00      0.00      0.00    171.26     57.09    171.26     57.09    211.26     57.09    211.26     57.09    382.52      0.00    382.52      0.00    379.52      0.00    379.52      0.00    379.52     57.09    379.52      0.79      4.68      1.56    379.52      0.79    379.52      1.00    783.27   1185.23         4
      6.40      0.00      0.00      0.00      0.00    171.26     57.09    171.26     57.09    211.26     57.09    211.26     57.09    382.52      0.00    382.52      0.00    379.52      0.00    379.52      0.00    379.52     57.09    379.52      0.77      4.58      1.53    379.52      0.77    379.52      1.00    783.27   1185.23         4
      6.50      0.00      0.00      0.00      0.00    171.26     57.09    171.26     57.09    211.26     57.09    211.26     57.09    382.52      0.00    382.52      0.00    379.52      0.00    379.52      0.00    379.52     57.09    379.52      0.75      4.48      1.49    379.52      0.75    379.52      1.00    783.27   1185.23         4
      6.60      0.00      0.00      0.00      0.00    171.26     57.09    171.26     57.09    211.26     57.09    211.26     57.09    382.52      0.00    382.52      0.00    379.52      0.00    379.52      0.00    379.52     57.09    379.52      0.73      4.38      1.46    379.52      0.73    379.52      1.00    783.27   1185.23         4
      6.70      0.00      0.00      0.00      0.00    171.26     57.09    171.26     57.09    211.26     57.09    211.26     57.09    382.52      0.00    382.52      0.00    379.52      0.00    379.52      0.00    379.52     57.09    379.52      0.71      4.29      1.43    379.52      0.71    379.52      1.00    783.27   1185.23         4
      6.80      0.00      0.00      0.00      0.00    171.26     57.09    171.26     57.09    211.26     57.09    211.26     57.09    382.52      0.00    382.52      0.00    379.52      0.00    379.52      0.00    379.52     57.09    379.52      0.69      4.20      1.40    379.52      0.69    379.52      1.00    783.27   1185.23         4
      6.90      0.00      0.00      0.00      0.00    171.26     57.09    171.26     57.09    211.26     57.09    211.26     57.09    382.52      0.00    382.52      0.00    379.52      0.00    379.52      0.00    379.52     57.09    379.52      0.67      4.12      1.37    379.52      0.67    379.52      1.00    783.27   1185.23         4
      7.00      0.00      0.00      0.00      0.00    171.26     57.09    171.26     57.09    211.26     57.09    211.26     57.09    382.52      0.00    382.52      0.00    379.52      0.00    379.52      0.00    379.52     57.09    379.52      0.65      4.03      1.34    379.52      0.65    379.52      1.00    783.27   1185.23         4
      7.10      0.00      0.00      0.00      0.00    171.26     57.09    171.26     57.09    211.26     57.09    211.26     57.09    382.52      0.00    382.52      0.00    379.52      0.00    379.52      0.00    379.52     57.09    379.52      0.63      3.96      1.32    379.52      0.63    379.52      1.00    783.27   1185.23         4
      7.20      0.00      0.00      0.00      0.00    171.26     57.09    171.26     57.09    211.26     57.09    211.26     57.09    382.52      0.00    382.52      0.00    379.52      0.00    379.52      0.00    379.52     57.09    379.52      0.62      3.88      1.29    379.52      0.62    379.52      1.00    783.27   1185.23         4
      7.30      0.00      0.00      0.00      0.00    171.26     57.09    171.26     57.09    211.26     57.09    211.26     57.09    382.52      0.00    382.52      0.00    379.52      0.00    379.52      0.00    379.52     57.09    379.52      0.60      3.81      1.27    379.52      0.60    379.52      1.00    783.27   1185.23         4
      7.40      0.00      0.00      0.00      0.00    171.26     57.09    171.26     57.09    211.26     57.09    211.26     57.09    382.52      0.00    382.52      0.00    379.52      0.00    379.52      0.00    379.52     57.09    379.52      0.59      3.74      1.25    379.52      0.59    379.52      1.00    783.27   1185.23         4
      7.50      0.00      0.00      0.00      0.00    171.26     57.09    171.26     57.09    211.26     57.09    211.26     57.09    382.52      0.00    382.52      0.00    379.52      0.00    379.52      0.00    379.52     57.09    379.52      0.57      3.66      1.22    379.52      0.57    379.52      1.00    783.27   1185.23         4
      7.60      0.00      0.00      0.00      0.00    171.26     57.09    171.26     57.09    211.26     57.09    211.26     57.09    382.52      0.00    382.52      0.00    379.52      0.00    379.52      0.00    379.52     57.09    379.52      0.56      3.60      1.20    379.52      0.56    379.52      1.00    783.27   1185.23         4
      7.70      0.00      0.00      0.00      0.00    171.26     57.09    171.26     57.09    211.26     57.09    211.26     57.09    382.52      0.00    382.52      0.00    379.52      0.00    379.52      0.00    379.52     57.09    379.52      0.55      3.54      1.18    379.52      0.55    379.52      1.00    783.27   1185.23         4
      7.80      0.00      0.00      0.00      0.00    171.26     57.09    171.26     57.09    211.26     57.09    211.26     57.09    382.52      0.00    382.52      0.00    379.52      0.00    379.52      0.00    379.52     57.09    379.52      0.53      3.48      1.16    379.52      0.53    379.52      1.00    783.27   1185.23         4
      7.90      0.00      0.00      0.00      0.00    171.26     57.09    171.26     57.09    211.26     57.09    211.26     57.09    382.52      0.00    382.52      0.00    379.52      0.00    379.52      0.00    379.52     57.09    379.52      0.52      3.42      1.14    379.52      0.52    379.52      1.00    783.27   1185.23         4
      8.00      0.00      0.00      0.00      0.00    171.26     57.09    171.26     57.09    211.26     57.09    211.26     57.09    382.52      0.00    382.52      0.00    379.52      0.00    379.52      0.00    379.52     57.09    379.52      0.51      3.36      1.12    379.52      0.51    379.52      1.00    783.27   1185.23         4
      8.10      0.00      0.00      0.00      0.00    171.26     57.09    171.26     57.09    211.26     57.09    211.26     57.09    382.52      0.00    382.52      0.00    379.52      0.00    379.52      0.00    379.52     57.09    379.52      0.50      3.31      1.10    379.52      0.50    379.52      1.00    783.27   1185.23         4
      8.20      0.00      0.00      0.00      0.00    171.26     57.09    171.26     57.09    211.26     57.09    211.26     57.09    382.52      0.00    382.52      0.00    379.52      0.00    379.52      0.00    379.52     57.09    379.52      0.49      3.26      1.09    379.52      0.49    379.52      1.00    783.27   1185.23         4
      8.30      0.00      0.00      0.00      0.00    171.26     57.09    171.26     57.09    211.26     57.09    211.26     57.09    382.52      0.00    382.52      0.00    379.52      0.00    379.52      0.00    379.52     57.09    379.52      0.48      3.20      1.07    379.52      0.48    379.52      1.00    783.27   1185.23         4
      8.40      0.00      0.00      0.00      0.00    171.26     57.09    171.26     57.09    211.26     57.09    211.26     57.09    382.52      0.00    382.52      0.00    379.52      0.00    379.52      0.00    379.52     57.09    379.52      0.47      3.15      1.05    379.52      0.47    379.52      1.00    783.27   1185.23         4
      8.50      0.00      0.00      0.00      0.00    171.26     57.09    171.26     57.09    211.26     57.09    211.26     57.09    382.52      0.00    382.52      0.00    379.52      0.00    379.52      0.00    379.52     57.09    379.52      0.46      3.10      1.03    379.52      0.46    379.52      1.00    783.27   1185.23         4
      8.60      0.00      0.00      0.00      0.00    171.26     57.09    171.26     57.09    211.26     57.09    211.26     57.09    382.52      0.00    382.52      0.00    379.52      0.00    379.52      0.00    379.52     57.09    379.52      0.45      3.05      1.02   57.09    379.52      0.45      3.05      1.02

low line:    379.52  
high line:      2.04  
low 379.519989, high 2.040000
low line:     786.50 
high line:    1182.00 
low 786.500000, high 1182.000000
low line:     786.01 
high line:    1182.49 
low 786.010010, high 1182.489990
low line:     785.57 
high line:    1182.93 
low 785.570007, high 1182.930054
low line:     785.17 
high line:    1183.33 
low 785.169983, high 1183.329956
low line:     784.83 
high line:    1183.67 
low 784.830017, high 1183.670044
low line:     784.52 
high line:    1183.98 
low 784.520020, high 1183.979980
low line:     784.26 
high line:    1184.24 
low 784.260010, high 1184.239990
low line:     784.03 
high line:    1184.47 
low 784.030029, high 1184.469971
low line:     783.83 
high line:    1184.67 
low 783.830017, high 1184.670044
low line:     783.67 
high line:    1184.83 
low 783.669983, high 1184.829956
low line:     783.54 
high line:    1184.96 
low 783.539978, high 1184.959961
low line:     783.44 
high line:    1185.06 
low 783.440002, high 1185.060059
low line:     783.36 
high line:    1185.14 
low 783.359985, high 1185.140015
low line:     783.31 
high line:    1185.19 
low 783.309998, high 1185.189941
low line:     783.28 
high line:    1185.22 
low 783.280029, high 1185.219971
low line:     783.27 
high line:    1185.23 
low 783.270020, high 1185.229980
low line:     783.27 
high line:    1185.23 
low 783.270020, high 1185.229980
low line:     783.27 
high line:    1185.23 
low 783.270020, high 1185.229980
low line:     783.27 
high line:    1185.23 
low 783.270020, high 1185.229980
low line:     783.27 
high line:    1185.23 
low 783.270020, high 1185.229980
low line:     783.27 
high line:    1185.23 
low 783.270020, high 1185.229980
low line:     783.27 
high line:    1185.23 
low 783.270020, high 1185.229980
low line:     783.27 
high line:    1185.23 
low 783.270020, high 1185.229980
low line:     783.27 
high line:    1185.23 
low 783.270020, high 1185.229980
low line:     783.27 
high line:    1185.23 
low 783.270020, high 1185.229980
low line:     783.27 
high line:    1185.23 
low 783.270020, high 1185.229980
low line:     783.27 
high line:    1185.23 
low 783.270020, high 1185.229980
low line:     783.27 
high line:    1185.23 
low 783.270020, high 1185.229980
low line:     783.27 
high line:    1185.23 
low 783.270020, high 1185.229980
low line:     783.27 
high line:    1185.23 
low 783.270020, high 1185.229980
low line:     783.27 
high line:    1185.23 
low 783.270020, high 1185.229980
low line:     783.27 
high line:    1185.23 
low 783.270020, high 1185.229980
low line:     783.27 
high line:    1185.23 
low 783.270020, high 1185.229980
low line:     783.27 
high line:    1185.23 
low 783.270020, high 1185.229980
low line:     783.27 
high line:    1185.23 
low 783.270020, high 1185.229980
low line:     783.27 
high line:    1185.23 
low 783.270020, high 1185.229980
low line:     783.27 
high line:    1185.23 
low 783.270020, high 1185.229980
low line:     783.27 
high line:    1185.23 
low 783.270020, high 1185.229980
low line:     783.27 
high line:    1185.23 
low 783.270020, high 1185.229980
low line:     783.27 
high line:    1185.23 
low 783.270020, high 1185.229980
low line:     783.27 
high line:    1185.23 
low 783.270020, high 1185.229980
low line:     783.27 
high line:    1185.23 
low 783.270020, high 1185.229980
low line:     783.27 
high line:    1185.23 
low 783.270020, high 1185.229980
low line:     783.27 
high line:    1185.23 
low 783.270020, high 1185.229980
low line:     783.27 
high line:    1185.23 
low 783.270020, high 1185.229980
low line:     783.27 
high line:    1185.23 
low 783.270020, high 1185.229980
low line:     783.27 
high line:    1185.23 
low 783.270020, high 1185.229980
low line:     1.02 
high line:  
low 1.020000, high 0.000000
buffer:    379.52      0.45    379.52      1.00    783.27   1185.23         4
      8.70      0.00      0.00      0.00      0.00    171.26     57.09    171.26     57.09    211.26     57.09    211.26     57.09    382.52      0.00    382.52      0.00    379.52      0.00    379.52      0.00    379.52     57.09    379.52      0.44      3.01      1.00    379.52      0.44    379.52      1.00    783.27   1185.23         4
      8.80      0.00      0.00      0.00      0.00    171.26     57.09    171.26     57.09    211.26     57.09    211.26     57.09    382.52      0.00    382.52      0.00    379.52      0.00    379.52      0.00    379.52     57.09    379.52      0.43      2.96      0.99    379.52      0.43    379.52      1.00    783.27   1185.23         4
      8.90      0.00      0.00      0.00      0.00    171.26     57.09    171.26     57.09    211.26     57.09    211.26     57.09    382.52      0.00    382.52      0.00    379.52      0.00    379.52      0.00    379.52     57.09    379.52      0.42      2.92      0.97    379.52      0.42    379.52      1.00    783.27   1185.23         4
      9.00      0.00      0.00      0.00      0.00    171.26     57.09    171.26     57.09    211.26     57.09    211.26     57.09    382.52      0.00    382.52      0.00    379.52      0.00    379.52      0.00    379.52     57.09    379.52      0.41      2.88      0.96    379.52      0.41    379.52      1.00    783.27   1185.23         4
      9.10      0.00      0.00      0.00      0.00    171.26     57.09    171.26     57.09    211.26     57.09    211.26     57.09    382.52      0.00    382.52      0.00    379.52      0.00    379.52      0.00    379.52     57.09    379.52      0.40      2.84      0.95    379.52      0.40    379.52      1.00    783.27   1185.23         4
      9.20      0.00      0.00      0.00      0.00    171.26     57.09    171.26     57.09    211.26     57.09    211.26     57.09    382.52      0.00    382.52      0.00    379.52      0.00    379.52      0.00    379.52     57.09    379.52      0.40      2.80      0.93    379.52      0.40    379.52      1.00    783.27   1185.23         4
      9.30      0.00      0.00      0.00      0.00    171.26     57.09    171.26     57.09    211.26     57.09    211.26     57.09    382.52      0.00    382.52      0.00    379.52      0.00    379.52      0.00    379.52     57.09    379.52      0.39      2.76      0.92    379.52      0.39    379.52      1.00    783.27   1185.23         4
      9.40      0.00      0.00      0.00      0.00    171.26     57.09    171.26     57.09    211.26     57.09    211.26     57.09    382.52      0.00    382.52      0.00    379.52      0.00    379.52      0.00    379.52     57.09    379.52      0.38      2.72      0.91    379.52      0.38    379.52      1.00    783.27   1185.23         4
      9.50      0.00      0.00      0.00      0.00    171.26     57.09    171.26     57.09    211.26     57.09    211.26     57.09    382.52      0.00    382.52      0.00    379.52      0.00    379.52      0.00    379.52     57.09    379.52      0.37      2.68      0.89    379.52      0.37    379.52      1.00    783.27   1185.23         4
      9.60      0.00      0.00      0.00      0.00    171.26     57.09    171.26     57.09    211.26     57.09    211.26     57.09    382.52      0.00    382.52      0.00    379.52      0.00    379.52      0.00    379.52     57.09    379.52      0.37      2.65      0.88    379.52      0.37    379.52      1.00    783.27   1185.23         4
      9.70      0.00      0.00      0.00      0.00    171.26     57.09    171.26     57.09    211.26     57.09    211.26     57.09    382.52      0.00    382.52      0.00    379.52      0.00    379.52      0.00    379.52     57.09    379.52      0.36      2.61      0.87    379.52      0.36    379.52      1.00    783.27   1185.23         4
      9.80      0.00      0.00      0.00      0.00    171.26     57.09    171.26     57.09    211.26     57.09    211.26     57.09    382.52      0.00    382.52      0.00    379.52      0.00    379.52      0.00    379.52     57.09    379.52      0.35      2.58      0.86    379.52      0.35    379.52      1.00    783.27   1185.23         4
      9.90      0.00      0.00      0.00      0.00    171.26     57.09    171.26     57.09    211.26     57.09    211.26     57.09    382.52      0.00    382.52      0.00    379.52      0.00    379.52      0.00    379.52     57.09    379.52      0.35      2.55      0.85    379.52      0.35    379.52      1.00    783.27   1185.23         4
     10.00      0.00      0.00      0.00      0.00    171.26     57.09    171.26     57.09    211.26     57.09    211.26     57.09    382.52      0.00    382.52      0.00    379.52      0.00    379.52      0.00    379.52     57.09    379.52      0.34      2.51      0.84    379.52      0.34    379.52      1.00    783.27   1185.23         4
     10.10      0.00      0.00      0.00      0.00    171.26     57.09    171.26     57.09    211.26     57.09    211.26     57.09    382.52      0.00    382.52      0.00    379.52      0.00    379.52      0.00    379.52     57.09    379.52      0.34      2.48      0.83    379.52      0.34    379.52      1.00    783.27   1185.23         4
     10.20      0.00      0.00      0.00      0.00    171.26     57.09    171.26     57.09    211.26     57.09    211.26     57.09    382.52      0.00    382.52      0.00    379.52      0.00    379.52      0.00    379.52     57.09    379.52      0.33      2.46      0.82    379.52      0.33    379.52      1.00    783.27   1185.23         4
     10.30      0.00      0.00      0.00      0.00    171.26     57.09    171.26     57.09    211.26     57.09    211.26     57.09    382.52      0.00    382.52      0.00    379.52      0.00    379.52      0.00    379.52     57.09    379.52      0.33      2.42      0.81    379.52      0.33    379.52      1.00    783.27   1185.23         4
     10.40      0.00      0.00      0.00      0.00    171.26     57.09    171.26     57.09    211.26     57.09    211.26     57.09    382.52      0.00    382.52      0.00    379.52      0.00    379.52      0.00    379.52     57.09    379.52      0.32      2.40      0.80    379.52      0.32    379.52      1.00    783.27   1185.23         4
     10.50      0.00      0.00      0.00      0.00    171.26     57.09    171.26     57.09    211.26     57.09    211.26     57.09    382.52      0.00    382.52      0.00    379.52      0.00    379.52      0.00    379.52     57.09    379.52      0.31      2.36      0.79    379.52      0.31    379.52      1.00    783.27   1185.23         4
     10.60      0.00      0.00      0.00      0.00    171.26     57.09    171.26     57.09    211.26     57.09    211.26     57.09    382.52      0.00    382.52      0.00    379.52      0.00    379.52      0.00    379.52     57.09    379.52      0.31      2.34      0.78    379.52      0.31    379.52      1.00    783.27   1185.23         4
  1185.23         4
 171.26     57.09    171.26     57.09    211.26     57.09    211.26     57.09    382.52      0.00    382.52      0.00    379.52      0.00    379.52      0.00    379.52     57.09    379.52      0.90      5.14      1.71    379.52      0.90    379.52      1.00    783.27   1185.23         4

low line: 2      0.4 
high line: 4      3.0 
low 2.000000, high 4.000000
low line:     783.27 
high line:    1185.23 
low 783.270020, high 1185.229980
low line:     783.27 
high line:    1185.23 
low 783.270020, high 1185.229980
low line:     783.27 
high line:    1185.23 
low 783.270020, high 1185.229980
low line:     783.27 
high line:    1185.23 
low 783.270020, high 1185.229980
low line:     783.27 
high line:    1185.23 
low 783.270020, high 1185.229980
low line:     783.27 
high line:    1185.23 
low 783.270020, high 1185.229980
low line:     783.27 
high line:    1185.23 
low 783.270020, high 1185.229980
low line:     783.27 
high line:    1185.23 
low 783.270020, high 1185.229980
low line:     783.27 
high line:    1185.23 
low 783.270020, high 1185.229980
low line:     783.27 
high line:    1185.23 
low 783.270020, high 1185.229980
low line:     783.27 
high line:    1185.23 
low 783.270020, high 1185.229980
low line:     783.27 
high line:    1185.23 
low 783.270020, high 1185.229980
low line:     783.27 
high line:    1185.23 
low 783.270020, high 1185.229980
low line:     783.27 
high line:    1185.23 
low 783.270020, high 1185.229980
low line:     783.27 
high line:    1185.23 
low 783.270020, high 1185.229980
low line:     783.27 
high line:    1185.23 
low 783.270020, high 1185.229980
low line:     783.27 
high line:    1185.23 
low 783.270020, high 1185.229980
low line:     783.27 
high line:    1185.23 
low 783.270020, high 1185.229980
low line:     783.27 
high line:    1185.23 
low 783.270020, high 1185.229980
low line:     783.27 
high line:    1185.23 
low 783.270020, high 1185.229980
low line:      6.00  
high line:      0.00  
low 6.000000, high 0.000000
low line:     0.00   
high line:     0.00   
low 0.000000, high 0.000000
