Simple Correlation Matrix among all inputs and outputs:
                     l_cw         l_dh        l_ibh         l_se         e_kd           Qp           Tp           Bw           Bd           Tc         Bwbc         Bwac         Bdbc         Bdac 
        l_cw  1.00000e+00 
        l_dh  2.34188e-17  1.00000e+00 
       l_ibh  2.34188e-17 -6.24500e-17  1.00000e+00 
        l_se -1.10589e-17 -1.04083e-17 -2.07191e-16  1.00000e+00 
        e_kd -3.50197e-17 -9.36751e-17 -3.30356e-16  1.45337e-15  1.00000e+00 
          Qp  8.11601e-02 -2.24112e-02  1.12173e-01 -6.13294e-01 -5.90357e-01  1.00000e+00 
          Tp -5.03461e-02  3.70411e-02 -8.80296e-02  3.23105e-01  2.42991e-01 -4.09386e-01  1.00000e+00 
          Bw  2.36255e-01  9.71689e-01 -2.16840e-19  2.53161e-17 -1.17636e-17 -2.60754e-03  2.41171e-02  1.00000e+00 
          Bd  6.88130e-06  9.99984e-01  8.71631e-06 -1.05513e-05 -7.79880e-06 -2.24341e-02  3.70675e-02  9.71682e-01  1.00000e+00 
          Tc  3.19106e-02  8.58954e-01 -1.69973e-02 -3.88054e-01 -8.93289e-02  2.46086e-01 -1.03104e-01  8.42147e-01  8.58591e-01  1.00000e+00 
        Bwbc  1.33861e-03  9.12497e-01 -1.09115e-01 -1.14678e-01  7.14935e-02 -4.16726e-02  4.73773e-02  8.86944e-01  9.12067e-01  9.38915e-01  1.00000e+00 
        Bwac  1.92542e-02  4.60986e-01 -8.49236e-02 -1.33753e-01 -1.03026e-02  6.15723e-02  5.54875e-03  4.52476e-01  4.60764e-01  5.16524e-01  5.10867e-01  1.00000e+00 
        Bdbc  6.33587e-03  8.20362e-01  1.44919e-01  2.83611e-02 -5.11788e-02 -5.07514e-02  7.61092e-02  7.98622e-01  8.19950e-01  7.91258e-01  8.52642e-01  3.90877e-01  1.00000e+00 
        Bdac -9.51222e-04  9.17959e-01 -5.47479e-02 -5.68927e-04  6.67134e-03 -3.81226e-02  4.52144e-02  8.91774e-01  9.18177e-01  7.98511e-01  8.55986e-01  4.28697e-01  7.73246e-01  1.00000e+00 

Partial Correlation Matrix between input and output:
                       Qp           Tp           Bw           Bd           Tc         Bwbc         Bwac         Bdbc         Bdac 
        l_cw  1.58480e-01 -5.53476e-02  9.99972e-01  1.22693e-03  9.92641e-02  3.61415e-03  2.20530e-02  1.15182e-02 -2.42151e-03 
        l_dh -4.42785e-02  4.07495e-02  9.99998e-01  9.99984e-01  9.37125e-01  9.26581e-01  4.66997e-01  8.30585e-01  9.19359e-01 
       l_ibh  2.16576e-01 -9.64711e-02  2.72119e-14  1.55410e-03 -5.30611e-02 -2.82596e-01 -9.68344e-02  2.54777e-01 -1.38037e-01 
        l_se -7.71573e-01  3.35171e-01  4.73987e-16 -1.88128e-03 -7.71628e-01 -2.95771e-01 -1.51465e-01  5.14937e-02 -1.44831e-03 
        e_kd -7.59495e-01  2.58451e-01 -3.57615e-13 -1.39052e-03 -2.68964e-01  1.89530e-01 -1.18022e-02 -9.26460e-02  1.69807e-02 

Simple Rank Correlation Matrix among all inputs and outputs:
                     l_cw         l_dh        l_ibh         l_se         e_kd           Qp           Tp           Bw           Bd           Tc         Bwbc         Bwac         Bdbc         Bdac 
        l_cw  1.00000e+00 
        l_dh -2.34188e-17  1.00000e+00 
       l_ibh -3.90313e-18  0.00000e+00  1.00000e+00 
        l_se -6.50521e-19  0.00000e+00 -1.30104e-18  1.00000e+00 
        e_kd -1.08420e-19  0.00000e+00 -1.30104e-18 -1.30104e-18  1.00000e+00 
          Qp  7.89874e-02 -2.20852e-02  1.10324e-01 -6.14496e-01 -5.87923e-01  1.00000e+00 
          Tp -3.18273e-02  8.51327e-02 -1.02546e-01  3.72943e-01  2.39186e-02 -2.85420e-01  1.00000e+00 
          Bw  2.03542e-01  9.78565e-01 -5.42101e-19 -5.42101e-19 -5.42101e-19 -5.63813e-03  7.69340e-02  1.00000e+00 
          Bd  1.65314e-04  9.99821e-01  2.09398e-04 -2.53482e-04 -1.87356e-04 -2.18074e-02  8.49687e-02  9.78411e-01  1.00000e+00 
          Tc  3.22281e-02  8.55817e-01 -1.08127e-02 -3.99606e-01 -9.28398e-02  2.55172e-01 -6.79011e-02  8.44594e-01  8.55730e-01  1.00000e+00 
        Bwbc  1.03478e-02  8.99368e-01 -1.88312e-01 -1.30713e-01  8.00738e-02 -3.46724e-02  5.86514e-02  8.82570e-01  8.99146e-01  9.22805e-01  1.00000e+00 
        Bwac  1.00291e-02  8.99152e-01 -1.83747e-01 -1.29804e-01  9.53601e-02 -4.36626e-02  5.92308e-02  8.82291e-01  8.98927e-01  9.20017e-01  9.99562e-01  1.00000e+00 
        Bdbc  1.67424e-02  8.18979e-01  2.24487e-01  1.10021e-01 -9.86221e-02 -6.99566e-02  1.35583e-01  8.05133e-01  8.18846e-01  7.25559e-01  7.34627e-01  7.33864e-01  1.00000e+00 
        Bdac  5.04056e-05  9.93524e-01 -3.89003e-02 -4.20851e-03  5.85939e-03 -2.98190e-02  8.67768e-02  9.72213e-01  9.93303e-01  8.55877e-01  9.05466e-01  9.05277e-01  8.24483e-01  1.00000e+00 

Partial Rank Correlation Matrix between input and output:
                       Qp           Tp           Bw           Bd           Tc         Bwbc         Bwac         Bdbc         Bdac 
        l_cw  1.53705e-01 -3.46733e-02  9.88372e-01  8.73548e-03  1.02347e-01  2.84623e-02  2.76230e-02  3.30227e-02  4.73251e-04 
        l_dh -4.34524e-02  9.24039e-02  9.99488e-01  9.99821e-01  9.39075e-01  9.27167e-01  9.27309e-01  8.50389e-01  9.94303e-01 
       l_ibh  2.12313e-01 -1.11091e-01  0.00000e+00  1.10647e-02 -3.44986e-02 -4.60075e-01 -4.51694e-01  4.05050e-01 -3.43064e-01 
        l_se -7.70866e-01  3.76605e-01  0.00000e+00 -1.33937e-02 -7.87023e-01 -3.38452e-01 -3.36764e-01  2.12179e-01 -3.94823e-02 
        e_kd -7.56803e-01  2.60642e-02  0.00000e+00 -9.90011e-03 -2.84168e-01  2.15176e-01  2.54124e-01 -1.91043e-01  5.49299e-02 
