Simple Correlation Matrix among all inputs and outputs:
                       wt           kd           tu           mn           cw           ch           pw           ph           uv           Qp           Tp           Bw           Bd           Tc          Wbc          Wac          Dbc          Dac 
          wt  1.00000e+00 
          kd  0.00000e+00  1.00000e+00 
          tu  0.00000e+00 -4.55056e-02  1.00000e+00 
          mn  0.00000e+00  2.63732e-17  1.34685e-16  1.00000e+00 
          cw  0.00000e+00 -4.47233e-18 -8.07731e-17 -1.23518e-16  1.00000e+00 
          ch  0.00000e+00 -2.72135e-17 -3.32931e-16 -4.26363e-17 -3.52366e-19  1.00000e+00 
          pw  0.00000e+00  4.55056e-02  1.65354e-01  3.79200e-17 -1.23287e-15  2.35223e-15  1.00000e+00 
          ph  0.00000e+00 -1.96704e-02  2.29746e-02 -3.53965e-16 -3.50983e-16 -3.23933e-16 -2.29746e-02  1.00000e+00 
          uv  0.00000e+00 -2.71051e-20 -1.11131e-18 -1.35525e-19  8.13152e-20  7.31836e-19 -1.65341e-18  1.86483e-17  1.00000e+00 
          Qp  2.40113e-06  9.42929e-01 -8.34018e-02 -1.05710e-18 -7.47193e-04 -4.92843e-04  7.01649e-02 -4.11527e-02 -2.23920e-01  1.00000e+00 
          Tp  0.00000e+00 -8.01642e-01 -3.65865e-02  3.17265e-17  3.33383e-03  1.73103e-03 -5.63569e-02 -5.92829e-02  1.41367e-02 -7.86346e-01  1.00000e+00 
          Bw -2.65054e-05  7.64576e-01 -1.88644e-01 -7.91468e-18  3.29387e-02  1.63821e-02 -6.48474e-03 -3.57249e-02  7.02758e-02  6.02632e-01 -3.71188e-01  1.00000e+00 
          Bd  0.00000e+00  1.91612e-01 -2.23802e-01  2.52653e-17  1.16970e-02  2.80567e-02  2.23799e-01 -9.08810e-02  7.75267e-06  3.15110e-01  1.67313e-01  1.15689e-01  1.00000e+00 
          Tc  0.00000e+00 -3.80242e-01  1.36981e-01 -8.33480e-19  3.31965e-02  1.88943e-02 -1.44323e-01 -8.52213e-03  3.56243e-02 -4.60236e-01  1.96521e-01 -1.83252e-01 -6.08965e-01  1.00000e+00 
         Wbc  2.71931e-07  3.27724e-01 -7.57310e-02  1.76183e-19  3.88521e-03 -5.49681e-03  2.75443e-01 -2.35893e-01  8.27471e-03  4.10669e-01 -1.77245e-01  1.33542e-01  5.61810e-01 -3.82065e-01  1.00000e+00 
         Wac -4.71941e-06 -7.40023e-03 -2.41058e-02 -4.65868e-19  3.01031e-03  1.63007e-03 -7.02578e-02 -7.54358e-02  2.72887e-03  2.90048e-02  1.64123e-01  7.30072e-04  2.56531e-01 -1.94465e-01 -2.61504e-01  1.00000e+00 
         Dbc  0.00000e+00  1.38285e-01  1.96777e-02  1.42064e-17 -1.39504e-02 -3.65159e-02 -1.59729e-02  4.52335e-02 -2.70868e-02  1.47805e-01 -1.39325e-01  5.78813e-02  3.95485e-02 -7.31000e-02  3.66696e-01  6.36867e-03  1.00000e+00 
         Dac -1.79343e-07  3.91890e-01 -2.02718e-01 -4.37747e-18  1.22131e-02  1.55600e-02  2.27081e-01 -1.05514e-01 -1.81639e-02  5.15019e-01 -9.85928e-02  1.96648e-01  9.41023e-01 -6.41748e-01  6.96202e-01  9.99997e-02  2.80264e-02  1.00000e+00 

Partial Correlation Matrix between input and output:
                       Qp           Tp           Bw           Bd           Tc          Wbc          Wac          Dbc          Dac 
          wt  1.00157e-05  3.59634e-21 -4.27255e-05 -1.06697e-18  3.42244e-20  3.11042e-07 -4.74570e-06  8.66510e-19 -2.07881e-07 
          kd  9.68754e-01 -8.06836e-01  7.73089e-01  1.77994e-01 -3.75744e-01  3.29873e-01 -6.25320e-03  1.41716e-01  3.92187e-01 
          tu -1.85278e-01 -1.16206e-01 -2.33063e-01 -2.65300e-01  1.57155e-01 -1.13993e-01 -1.09504e-02  2.92862e-02 -2.48174e-01 
          mn -1.40946e-16  3.63542e-16  2.36739e-17 -3.35908e-17  1.10814e-17 -1.50817e-18  3.39316e-18 -2.70968e-17  1.36249e-18 
          cw -3.11672e-03  5.66501e-03  5.30211e-02  1.27220e-02  3.67353e-02  4.44397e-03  3.02706e-03 -1.41265e-02  1.41551e-02 
          ch -2.05577e-03  2.94148e-03  2.63981e-02  3.05034e-02  2.09180e-02 -6.28728e-03  1.63914e-03 -3.69553e-02  1.80330e-02 
          pw  1.40491e-01 -1.64204e-02 -2.60441e-02  2.65298e-01 -1.63760e-01  2.94109e-01 -6.90440e-02 -2.61202e-02  2.69671e-01 
          ph -8.65202e-02 -1.24258e-01 -2.85303e-02 -8.20998e-02 -2.49938e-02 -2.45156e-01 -7.70487e-02  4.72492e-02 -1.00786e-01 
          uv -6.82590e-01  2.40153e-02  1.12562e-01  8.43268e-06  3.94178e-02  9.46442e-03  2.74406e-03 -2.74211e-02 -2.10496e-02 

Simple Rank Correlation Matrix among all inputs and outputs:
                       wt           kd           tu           mn           cw           ch           pw           ph           uv           Qp           Tp           Bw           Bd           Tc          Wbc          Wac          Dbc          Dac 
          wt  1.00000e+00 
          kd  0.00000e+00  1.00000e+00 
          tu  0.00000e+00 -4.45327e-02  1.00000e+00 
          mn  0.00000e+00  3.80826e-17  4.08744e-17  1.00000e+00 
          cw  0.00000e+00  3.35290e-17  1.26743e-16 -1.35525e-19  1.00000e+00 
          ch  0.00000e+00  5.42372e-17  2.49366e-18 -1.35525e-19 -1.35525e-19  1.00000e+00 
          pw  0.00000e+00  4.45327e-02  1.56330e-01 -4.01155e-18  3.25261e-19  3.25261e-19  1.00000e+00 
          ph  0.00000e+00 -1.97292e-02  2.22617e-02  1.35525e-19  2.73761e-18  9.67650e-18 -2.22617e-02  1.00000e+00 
          uv  0.00000e+00  5.69206e-19  1.62630e-18 -1.35525e-19 -1.35525e-19  7.31836e-19  3.25261e-19 -4.20128e-18  1.00000e+00 
          Qp  7.81155e-05  9.27735e-01 -1.16529e-01  3.93023e-19 -6.55042e-03 -3.86314e-03  3.84853e-02 -9.29910e-02 -3.27975e-01  1.00000e+00 
          Tp  0.00000e+00 -8.03914e-01 -6.05617e-02  1.40946e-18  5.40534e-03  3.07479e-03 -1.82024e-01 -7.60796e-02  1.07100e-01 -7.31480e-01  1.00000e+00 
          Bw -1.26770e-04  4.67365e-01 -1.34648e-01 -2.66985e-18  1.57368e-01  7.69510e-02  1.62594e-02 -1.06311e-01  1.80541e-02  4.37833e-01 -3.07180e-01  1.00000e+00 
          Bd  0.00000e+00  5.27349e-02 -6.36568e-02 -4.90601e-18  5.21153e-03  9.46369e-01  6.03833e-02 -2.45890e-02  1.12388e-02  6.75127e-02  8.13203e-02  1.00863e-01  1.00000e+00 
          Tc  0.00000e+00 -9.24284e-01  5.29117e-02 -4.87891e-18  1.05101e-02  9.72346e-03 -2.30819e-01 -7.85927e-02  7.22312e-02 -8.63942e-01  8.12908e-01 -3.73980e-01 -4.39149e-02  1.00000e+00 
         Wbc  8.85664e-07  3.91174e-01 -1.54095e-02 -3.99800e-18  7.15386e-03  6.01826e-03  2.22872e-01 -3.60133e-01  4.20595e-02  3.93001e-01 -3.20925e-01  8.56557e-02  8.02349e-02 -2.59942e-01  1.00000e+00 
         Wac -2.71011e-05  5.42619e-01 -3.91782e-02  1.49078e-19  3.57787e-03  1.07545e-02  5.18655e-03 -2.69022e-01  5.27169e-02  5.48014e-01 -3.77419e-01  5.70747e-03  8.88210e-02 -4.35998e-01  6.39936e-01  1.00000e+00 
         Dbc  0.00000e+00  4.08959e-01  8.94488e-03  3.98444e-18  5.47089e-03 -4.80505e-03  2.19200e-01 -1.26894e-01 -1.33974e-01  4.48764e-01 -3.55855e-01  5.04978e-02  6.85593e-02 -3.40041e-01  9.06950e-01  5.59425e-01  1.00000e+00 
         Dac -2.47984e-06  6.62473e-01 -4.42022e-02 -2.98156e-19  1.68718e-03  1.04910e-02  8.54552e-02 -4.71167e-02 -1.36185e-01  6.96802e-01 -5.51188e-01 -1.69101e-02  8.77812e-02 -5.75699e-01  6.56187e-01  7.30597e-01  7.44336e-01  1.00000e+00 

Partial Rank Correlation Matrix between input and output:
                       Qp           Tp           Bw           Bd           Tc          Wbc          Wac          Dbc          Dac 
          wt  5.44070e-04  0.00000e+00 -1.48528e-04  0.00000e+00  0.00000e+00  1.07314e-06 -3.40022e-05  0.00000e+00 -3.38178e-06 
          kd  9.88048e-01 -8.22557e-01  4.73448e-01  1.49294e-01 -9.48997e-01  4.12191e-01  5.58730e-01  4.13960e-01  6.67025e-01 
          tu -4.57859e-01 -1.28616e-01 -1.30415e-01 -2.27133e-01  1.46623e-01 -2.69635e-02 -7.11026e-03 -2.19209e-03 -3.14640e-02 
          mn  0.00000e+00  0.00000e+00  0.00000e+00  0.00000e+00  0.00000e+00  0.00000e+00  0.00000e+00  0.00000e+00  0.00000e+00 
          cw -4.55759e-02  9.76173e-03  1.81321e-01  1.71287e-02  3.46253e-02  8.66787e-03  4.48891e-03  6.27070e-03  2.30081e-03 
          ch -2.68969e-02  5.55306e-03  8.97941e-02  9.52022e-01  3.20364e-02  7.29202e-03  1.34919e-02 -5.50754e-03  1.43051e-02 
          pw  5.14234e-02 -2.36959e-01  1.32555e-02  2.18633e-01 -5.43999e-01  2.34598e-01 -2.92442e-02  2.19685e-01  7.92027e-02 
          ph -4.52720e-01 -1.66124e-01 -1.09905e-01 -6.73150e-02 -3.18795e-01 -3.88054e-01 -3.08623e-01 -1.30107e-01 -4.39661e-02 
          uv -9.16068e-01  1.89905e-01  2.11480e-02  3.69187e-02  2.31630e-01  5.08966e-02  6.59968e-02 -1.51784e-01 -1.82594e-01 