%eval_id interface se             ibh            dh             cw             mn             cc             sd             po             fat            co             kd             tauc           AvgErr         
1        interface1 0.912          1              1.3            1.98           0.025          0.07           0.00013        0.34           0.625          5250           120            0.144          52.24937       
2        interface1 0.912          1              1.3            1.98           0.025          0.07           0.00013        0.34           0.625          5250           121            0.144          52.50324       
3        interface1 0.912          1              1.3            1.98           0.025          0.07           0.00013        0.34           0.625          5249           120            0.144          52.24636       
4        interface1 0.912          1              1.3            1.98           0.025          0.07           0.00013        0.34           0.625          5251           120            0.144          52.25249       
5        interface1 0.912          1              1.3            1.98           0.025          0.07           0.00013        0.33           0.625          5250           120            0.144          52.49119       
6        interface1 0.912          1              1.3            1.98           0.025          0.07           0.00013        0.45           0.625          5250           120            0.144          95.06523       
7        interface1 0.912          1              1.3            1.98           0.025          0.07           0.00013        0.34           0.625          5250           119            0.144          52.39338       
8        interface1 0.912          1.1            1.3            1.98           0.025          0.07           0.00013        0.34           0.625          5250           120            0.144          52.24937       
9        interface1 0.912          1              1.3            1.78           0.025          0.07           0.00013        0.34           0.625          5250           120            0.144          52.58924       
10       interface1 0.912          1              1.4            1.98           0.025          0.07           0.00013        0.34           0.625          5250           120            0.144          51.06856       
11       interface1 0.821          1              1.4            1.98           0.025          0.07           0.00013        0.34           0.625          5250           120            0.144          53.25249       
12       interface1 0.912          1              1.4            1.98           0.025          0.07           0.00013        0.34           0.675          5250           120            0.144          51.97372       
13       interface1 0.912          1              1.4            1.98           0.025          0.07           0.00013        0.45           0.625          5250           120            0.144          52.30109       
14       interface1 0.912          1              1.4            1.98           0.025          0.07           0.00013        0.34           0.625          5250           119            0.144          51.23817       
15       interface1 0.912          1              1.4            1.98           0.025          0.07           0.00013        0.34           0.625          5250           121            0.144          50.97905       
16       interface1 0.912          1              1.4            1.98           0.025          0.07           0.00013        0.34           0.625          5250           121            0              50.18954       
17       interface1 0.912          1              1.2            1.98           0.025          0.07           0.00013        0.34           0.625          5250           121            0              52.77502       
18       interface1 0.912          1              1.4            1.98           0.025          0.07           0.00013        0.34           0.577          5250           121            0              49.2426        
19       interface1 0.912          0.9            1.4            1.98           0.025          0.07           0.00013        0.34           0.577          5250           121            0              49.2426        
20       interface1 1.003          1              1.4            1.98           0.025          0.07           0.00013        0.34           0.577          5250           121            0              46.83304       
21       interface1 1.003          1              1.4            1.98           0.025          0.07           0.00013        0.34           0.577          5250           120            0              46.97705       
22       interface1 1.003          1              1.2            1.98           0.025          0.07           0.00013        0.34           0.577          5250           121            0              49.57066       
23       interface1 1.003          1              1.4            1.98           0.025          0.07           0.00013        0.33           0.577          5250           121            0              46.70786       
24       interface1 1.003          1              1.4            1.98           0.025          0.07           0.00013        0.45           0.577          5250           121            0              48.06054       
25       interface1 1.003          1              1.2            1.98           0.025          0.07           0.00013        0.33           0.577          5250           121            0              49.43768       
26       interface1 1.003          1              1.4            1.98           0.025          0.07           0.00013        0.33           0.577          5251           121            0              46.70989       
27       interface1 1.003          1              1.4            1.98           0.025          0.07           0.00013        0.33           0.577          5250           120            0              46.77757       
28       interface1 1.003          1              1.4            1.98           0.025          0.07           0.00013        0.33           0.577          5249           121            0              46.70473       
29       interface1 1.003          1              1.4            1.78           0.025          0.07           0.00013        0.33           0.577          5250           121            0              46.64925       
30       interface1 1.003          1              1.4            1.78           0.025          0.07           0.00013        0.33           0.577          5250           121            0.16           47.26861       
31       interface1 1.003          1              1.4            1.78           0.025          0.07           0.00013        0.33           0.577          5249           121            0              46.64716       
32       interface1 1.003          1              1.4            1.78           0.025          0.07           0.00013        0.33           0.577          5250           120            0              46.70884       
33       interface1 1.003          1              1.2            1.78           0.025          0.07           0.00013        0.33           0.577          5250           121            0              49.85846       
34       interface1 1.003          1              1.4            1.78           0.025          0.07           0.00013        0.33           0.675          5250           121            0              48.33462       
35       interface1 1.003          1              1.4            1.78           0.025          0.07           0.00013        0.45           0.577          5250           121            0              48.36777       
36       interface1 1.003          1              1.4            1.78           0.025          0.07           0.00013        0.33           0.577          5250           122            0              46.63987       
37       interface1 1.003          1.1            1.4            1.78           0.025          0.07           0.00013        0.33           0.577          5250           121            0              46.64925       
38       interface1 0.821          1              1.4            1.78           0.025          0.07           0.00013        0.33           0.577          5250           121            0              51.44345       
39       interface1 1.003          0.9            1.4            1.78           0.025          0.07           0.00013        0.33           0.577          5250           121            0              46.64925       
40       interface1 1.003          1              1.4            2.18           0.025          0.07           0.00013        0.33           0.577          5250           121            0              46.79788       
41       interface1 1.003          1              1.4            1.78           0.025          0.07           0.00013        0.33           0.577          5251           121            0              46.65259       
42       interface1 1.003          1              1.4            1.78           0.025          0.07           0.00013        0.33           0.577          5249.5         121            0              46.64821       
43       interface1 1.003          1              1.4            1.78           0.025          0.07           0.00013        0.33           0.577          5250           120.5          0              46.66387       
44       interface1 1.003          1              1.4            1.78           0.025          0.07           0.00013        0.33           0.577          5250           121            0.125          47.14869       
45       interface1 1.003          1              1.275          1.78           0.025          0.07           0.00013        0.33           0.577          5250           121            0              48.47454       
46       interface1 1.003          1              1.4            1.78           0.025          0.07           0.00013        0.33           0.577          5250           121.5          0              46.68631       
47       interface1 1.003          1              1.4            1.78           0.025          0.07           0.00013        0.33           0.6395         5250           121            0              47.69176       
48       interface1 1.003          1              1.4            1.78           0.025          0.07           0.00013        0.3925         0.577          5250           121            0              47.20988       
49       interface1 1.003          1.0625         1.4            1.78           0.025          0.07           0.00013        0.33           0.577          5250           121            0              46.64925       
50       interface1 0.878          1              1.4            1.78           0.025          0.07           0.00013        0.33           0.577          5250           121            0              50.1487        
51       interface1 1.003          1              1.4            2.03           0.025          0.07           0.00013        0.33           0.577          5250           121            0              46.73715       
52       interface1 1.003          1              1.4            1.78           0.025          0.07           0.00013        0.33           0.577          5250.5         121            0              46.65024       
53       interface1 1.003          1              1.4            1.78           0.025          0.07           0.00013        0.33           0.577          5249.75        121            0              46.64821       
54       interface1 1.003          1              1.4            1.78           0.025          0.07           0.00013        0.33           0.675          5249.75        121            0              48.33311       
55       interface1 0.821          1              1.4            1.78           0.025          0.07           0.00013        0.33           0.577          5249.75        121            0              51.44319       
56       interface1 1.003          0.9            1.4            1.78           0.025          0.07           0.00013        0.33           0.577          5249.75        121            0              46.64821       
57       interface1 1.003          1              1.4            1.78           0.025          0.07           0.00013        0.33           0.577          5249.75        121            0.16           47.26861       
58       interface1 1.003          1              1.4            1.78           0.025          0.07           0.00013        0.33           0.577          5249.75        121.25         0              46.6256        
59       interface1 1.003          1              1.4            1.78           0.025          0.07           0.00013        0.33           0.577          5250           121.25         0              46.62665       
60       interface1 1.003          0.9            1.4            1.78           0.025          0.07           0.00013        0.33           0.577          5249.75        121.25         0              46.6256        
61       interface1 1.003          1              1.4            1.78           0.025          0.07           0.00013        0.33           0.577          5249.75        121.25         0.16           47.21834       
62       interface1 0.821          1              1.4            1.78           0.025          0.07           0.00013        0.33           0.577          5249.75        121.25         0              51.39715       
63       interface1 1.003          1              1.2            1.78           0.025          0.07           0.00013        0.33           0.577          5249.75        121.25         0              49.87997       
64       interface1 1.003          1.1            1.4            1.78           0.025          0.07           0.00013        0.33           0.577          5249.75        121.25         0              46.6256        
65       interface1 1.003          1              1.4            1.78           0.025          0.07           0.00013        0.33           0.577          5249.75        121.5          0              46.68631       
66       interface1 1.003          1              1.4            1.78           0.025          0.07           0.00013        0.33           0.577          5249.5         121.25         0              46.62462       
67       interface1 1.003          1              1.4            1.78           0.025          0.07           0.00013        0.33           0.577          5249.5         121.25         0.16           47.21684       
68       interface1 1.003          1              1.4            1.78           0.025          0.07           0.00013        0.33           0.577          5249.25        121.25         0              46.62462       
69       interface1 1.003          1              1.4            1.78           0.025          0.07           0.00013        0.33           0.577          5249.5         121.5          0              46.68527       
70       interface1 1.003          1.1            1.4            1.78           0.025          0.07           0.00013        0.33           0.577          5249.5         121.25         0              46.62462       
71       interface1 1.003          1              1.2            1.78           0.025          0.07           0.00013        0.33           0.577          5249.5         121.25         0              49.87866       
72       interface1 1.003          0.9            1.4            1.78           0.025          0.07           0.00013        0.33           0.577          5249.5         121.25         0              46.62462       
73       interface1 1.003          1              1.4            1.78           0.025          0.07           0.00013        0.45           0.577          5249.5         121.25         0              48.31373       
74       interface1 0.821          1              1.4            1.78           0.025          0.07           0.00013        0.33           0.577          5249.5         121.25         0              51.41826       
75       interface1 1.003          1              1.4            1.78           0.025          0.07           0.00013        0.33           0.675          5249.5         121.25         0              48.28062       
76       interface1 1.003          1              1.4            2.03           0.025          0.07           0.00013        0.33           0.577          5249.5         121.25         0              46.71328       
77       interface1 1.003          1              1.4            1.78           0.025          0.07           0.00013        0.33           0.577          5249.5         121.25         0.125          47.12568       
78       interface1 1.003          1              1.4            1.78           0.025          0.07           0.00013        0.33           0.577          5249.625       121.25         0              46.6256        
79       interface1 1.003          1              1.4            1.78           0.025          0.07           0.00013        0.33           0.577          5249.5         121.125        0              46.63769       
80       interface1 1.003          1              1.4            1.78           0.025          0.07           0.00013        0.33           0.577          5249.375       121.25         0              46.62462       
81       interface1 1.003          1              1.4            1.78           0.025          0.07           0.00013        0.33           0.577          5249.5         121.375        0              46.69612       
82       interface1 1.003          1.0625         1.4            1.78           0.025          0.07           0.00013        0.33           0.577          5249.5         121.25         0              46.62462       
83       interface1 1.003          1              1.275          1.78           0.025          0.07           0.00013        0.33           0.577          5249.5         121.25         0              48.42172       
84       interface1 1.003          0.9375         1.4            1.78           0.025          0.07           0.00013        0.33           0.577          5249.5         121.25         0              46.62462       
85       interface1 0.878          1              1.4            1.78           0.025          0.07           0.00013        0.33           0.577          5249.5         121.25         0              50.09955       
86       interface1 1.003          1              1.4            1.78           0.025          0.07           0.00013        0.3925         0.577          5249.5         121.25         0              47.63864       
87       interface1 1.003          1              1.4            1.78           0.025          0.07           0.00013        0.33           0.6395         5249.5         121.25         0              47.63907       
88       interface1 1.003          1              1.4            1.905          0.025          0.07           0.00013        0.33           0.577          5249.5         121.25         0              46.66928       
89       interface1 1.003          1              1.4            1.78           0.025          0.07           0.00013        0.33           0.577          5249.5         121.25         0.0625         46.85774       
90       interface1 1.003          1              1.4            1.78           0.025          0.07           0.00013        0.33           0.577          5249.5625      121.25         0              46.6243        
91       interface1 1.003          0.9375         1.4            1.78           0.025          0.07           0.00013        0.33           0.577          5249.5625      121.25         0              46.6243        
92       interface1 1.003          1.0625         1.4            1.78           0.025          0.07           0.00013        0.33           0.577          5249.5625      121.25         0              46.6243        
93       interface1 1.003          1              1.4            1.78           0.025          0.07           0.00013        0.33           0.577          5249.5625      121.3125       0              46.70308       
94       interface1 1.003          1              1.4            1.8425         0.025          0.07           0.00013        0.33           0.577          5249.5625      121.25         0              46.66259       
95       interface1 0.9405         1              1.4            1.78           0.025          0.07           0.00013        0.33           0.577          5249.5625      121.25         0              48.25486       
96       interface1 1.003          1              1.4            1.78           0.025          0.07           0.00013        0.33           0.577          5249.5625      121.25         0.0625         46.85774       
97       interface1 1.003          1              1.4            1.78           0.025          0.07           0.00013        0.33           0.577          5249.5625      121.1875       0              46.63245       
98       interface1 1.003          1              1.4            1.78           0.025          0.07           0.00013        0.33           0.6395         5249.5625      121.25         0              47.63901       
99       interface1 1.003          1              1.3375         1.78           0.025          0.07           0.00013        0.33           0.577          5249.5625      121.25         0              47.76175       
100      interface1 1.003          1              1.4            1.78           0.025          0.07           0.00013        0.3925         0.577          5249.5625      121.25         0              47.63864       
101      interface1 1.003          1              1.4            1.78           0.025          0.07           0.00013        0.33           0.577          5249.53125     121.25         0              46.62436       
102      interface1 1.003          0.96875        1.4            1.78           0.025          0.07           0.00013        0.33           0.577          5249.5625      121.25         0              46.6243        
103      interface1 1.003          1              1.4            1.78           0.025          0.07           0.00013        0.33           0.577          5249.59375     121.25         0              46.6243        
104      interface1 1.003          1.03125        1.4            1.78           0.025          0.07           0.00013        0.33           0.577          5249.5625      121.25         0              46.6243        
105      interface1 1.003          1              1.4            1.78           0.025          0.07           0.00013        0.33           0.577          5249.5625      121.28125      0              46.62171       
106      interface1 1.003          1              1.4            1.78           0.025          0.07           0.00013        0.36125        0.577          5249.5625      121.28125      0              47.00225       
107      interface1 1.003          1.03125        1.4            1.78           0.025          0.07           0.00013        0.33           0.577          5249.5625      121.28125      0              46.62171       
108      interface1 1.003          1              1.4            1.78           0.025          0.07           0.00013        0.33           0.577          5249.53125     121.28125      0              46.62171       
109      interface1 1.003          1              1.4            1.78           0.025          0.07           0.00013        0.33           0.60825        5249.5625      121.28125      0              47.05647       
110      interface1 0.97175        1              1.4            1.78           0.025          0.07           0.00013        0.33           0.577          5249.5625      121.28125      0              47.58692       
111      interface1 1.003          1              1.4            1.81125        0.025          0.07           0.00013        0.33           0.577          5249.5625      121.28125      0              46.64086       
112      interface1 1.003          1              1.4            1.78           0.025          0.07           0.00013        0.33           0.577          5249.59375     121.28125      0              46.62171       
113      interface1 1.003          0.96875        1.4            1.78           0.025          0.07           0.00013        0.33           0.577          5249.5625      121.28125      0              46.62171       
114      interface1 1.003          1              1.4            1.78           0.025          0.07           0.00013        0.33           0.577          5249.5625      121.28125      0.03125        46.65805       
115      interface1 1.003          1              1.36875        1.78           0.025          0.07           0.00013        0.33           0.577          5249.5625      121.28125      0              47.44669       
116      interface1 1.003          1              1.4            1.78           0.025          0.07           0.00013        0.345625       0.577          5249.5625      121.28125      0              46.80462       
117      interface1 1.003          1              1.4            1.78           0.025          0.07           0.00013        0.33           0.577          5249.5625      121.296875     0              46.62185       
118      interface1 1.003          1              1.4            1.78           0.025          0.07           0.00013        0.33           0.577          5249.5625      121.265625     0              46.62444       
119      interface1 1.003          1.015625       1.4            1.78           0.025          0.07           0.00013        0.33           0.577          5249.5625      121.28125      0              46.62171       
120      interface1 1.003          1              1.4            1.78           0.025          0.07           0.00013        0.33           0.577          5249.546875    121.28125      0              46.62171       
121      interface1 1.003          1              1.4            1.78           0.025          0.07           0.00013        0.33           0.592625       5249.5625      121.28125      0              46.84163       
122      interface1 0.987375       1              1.4            1.78           0.025          0.07           0.00013        0.33           0.577          5249.5625      121.28125      0              47.11467       
123      interface1 1.003          1              1.4            1.795625       0.025          0.07           0.00013        0.33           0.577          5249.5625      121.28125      0              46.63144       
124      interface1 1.003          1              1.4            1.78           0.025          0.07           0.00013        0.33           0.577          5249.578125    121.28125      0              46.62171       
125      interface1 1.003          0.984375       1.4            1.78           0.025          0.07           0.00013        0.33           0.577          5249.5625      121.28125      0              46.62171       
126      interface1 1.003          1              1.4            1.78           0.025          0.07           0.00013        0.33           0.577          5249.5625      121.28125      0.015625       46.52983       
127      interface1 1.003          1              1.4            1.78           0.025          0.07           0.00013        0.33           0.577          5249.5825      121.28125      0.015625       46.53114       
128      interface1 0.983          1              1.4            1.78           0.025          0.07           0.00013        0.33           0.577          5249.5625      121.28125      0.015625       47.27022       
129      interface1 1.003          1              1.4            1.78           0.025          0.07           0.00013        0.33           0.577          5249.5625      121.26125      0.015625       46.53464       
130      interface1 1.003          0.98           1.4            1.78           0.025          0.07           0.00013        0.33           0.577          5249.5625      121.28125      0.015625       46.52983       
131      interface1 1.003          1              1.4            1.78           0.025          0.07           0.00013        0.33           0.577          5249.5625      121.30125      0.015625       46.52742       
132      interface1 1.003          1              1.4            1.78           0.025          0.07           0.00013        0.33           0.577          5249.5625      121.30125      0.035625       46.68587       
133      interface1 0.983          1              1.4            1.78           0.025          0.07           0.00013        0.33           0.577          5249.5625      121.30125      0.015625       47.26541       
134      interface1 1.003          1              1.4            1.78           0.025          0.07           0.00013        0.33           0.577          5249.5625      121.32125      0.015625       46.52256       
135      interface1 1.003          1              1.4            1.78           0.025          0.07           0.00013        0.35           0.577          5249.5625      121.32125      0.015625       46.91978       
136      interface1 1.003          1              1.4            1.78           0.025          0.07           0.00013        0.33           0.577          5249.5625      121.34125      0.015625       46.51775       
137      interface1 0.983          1              1.4            1.78           0.025          0.07           0.00013        0.33           0.577          5249.5625      121.34125      0.015625       47.2583        
138      interface1 1.003          1              1.4            1.78           0.025          0.07           0.00013        0.33           0.577          5249.5625      121.36125      0.015625       46.51534       
139      interface1 1.003          1              1.4            1.78           0.025          0.07           0.00013        0.33           0.577          5249.5625      121.38125      0.015625       46.51053       
140      interface1 1.003          1              1.4            1.78           0.025          0.07           0.00013        0.33           0.597          5249.5625      121.38125      0.015625       46.91931       
141      interface1 1.003          1              1.38           1.78           0.025          0.07           0.00013        0.33           0.577          5249.5625      121.38125      0.015625       47.28393       
142      interface1 0.983          1              1.4            1.78           0.025          0.07           0.00013        0.33           0.577          5249.5625      121.38125      0.015625       47.24983       
143      interface1 1.003          1.02           1.4            1.78           0.025          0.07           0.00013        0.33           0.577          5249.5625      121.38125      0.015625       46.51053       
144      interface1 1.003          1              1.4            1.78           0.025          0.07           0.00013        0.35           0.577          5249.5625      121.38125      0.015625       46.90769       
145      interface1 1.003          1              1.4            1.78           0.025          0.07           0.00013        0.33           0.577          5249.5425      121.38125      0.015625       46.51053       
146      interface1 1.003          1              1.4            1.8            0.025          0.07           0.00013        0.33           0.577          5249.5625      121.38125      0.015625       46.53086       
147      interface1 1.003          1              1.4            1.78           0.025          0.07           0.00013        0.33           0.577          5249.5625      121.38125      0.035625       46.66892       
148      interface1 1.003          1              1.4            1.78           0.025          0.07           0.00013        0.33           0.577          5249.5625      121.40125      0.015625       46.50572       
149      interface1 1.003          1              1.4            1.78           0.025          0.07           0.00013        0.33           0.577          5249.5625      121.42125      0.015625       46.58548       
150      interface1 0.983          1              1.4            1.78           0.025          0.07           0.00013        0.33           0.577          5249.5625      121.40125      0.015625       47.24632       
151      interface1 1.003          1              1.4            1.78           0.025          0.07           0.00013        0.35           0.577          5249.5625      121.40125      0.015625       46.90419       
152      interface1 1.003          1.02           1.4            1.78           0.025          0.07           0.00013        0.33           0.577          5249.5625      121.40125      0.015625       46.50572       
153      interface1 1.003          1              1.4            1.78           0.025          0.07           0.00013        0.33           0.577          5249.5625      121.40125      0              46.6948        
154      interface1 1.003          1              1.4            1.78           0.025          0.07           0.00013        0.33           0.577          5249.5825      121.40125      0.015625       46.50572       
155      interface1 1.003          1              1.4            1.78           0.025          0.07           0.00013        0.33           0.577          5249.5625      121.40125      0.035625       46.66416       
156      interface1 1.003          0.98           1.4            1.78           0.025          0.07           0.00013        0.33           0.577          5249.5625      121.40125      0.015625       46.50572       
157      interface1 1.003          1              1.4            1.78           0.025          0.07           0.00013        0.33           0.577          5249.5425      121.40125      0.015625       46.50572       
158      interface1 1.003          1              1.4            1.8            0.025          0.07           0.00013        0.33           0.577          5249.5625      121.40125      0.015625       46.52579       
159      interface1 1.003          1              1.38           1.78           0.025          0.07           0.00013        0.33           0.577          5249.5625      121.40125      0.015625       47.28037       
160      interface1 1.003          1              1.4            1.78           0.025          0.07           0.00013        0.33           0.597          5249.5625      121.40125      0.015625       46.9145        
161      interface1 1.003          1              1.4            1.78           0.025          0.06           0.00013        0.33           0.577          5249.5625      121.40125      0.015625       46.50572       
162      interface1 1.003          1              1.4            1.78           0.025          0.07           0.00013        0.33           0.577          5249.5625      121.41125      0.015625       46.58688       
163      interface1 1.003          1              1.4            1.78           0.025          0.08           0.00013        0.33           0.577          5249.5625      121.40125      0.015625       46.50572       
164      interface1 1.003          1              1.4            1.78           0.025          0.07           0.00013        0.33           0.577          5249.5625      121.39125      0.015625       46.50945       
165      interface1 0.993          1              1.4            1.78           0.025          0.07           0.00013        0.33           0.577          5249.5625      121.40125      0.015625       46.9303        
166      interface1 1.003          1              1.4            1.78           0.025          0.07           0.00013        0.34           0.577          5249.5625      121.40125      0.015625       46.70411       
167      interface1 1.003          1.01           1.4            1.78           0.025          0.07           0.00013        0.33           0.577          5249.5625      121.40125      0.015625       46.50572       
168      interface1 1.003          1              1.4            1.78           0.025          0.07           0.00013        0.33           0.577          5249.5625      121.40125      0.005625       46.6568        
169      interface1 1.003          1              1.4            1.78           0.025          0.07           0.00013        0.33           0.577          5249.5725      121.40125      0.015625       46.50572       
170      interface1 1.003          1              1.4            1.78           0.025          0.07           0.00013        0.33           0.577          5249.5625      121.40125      0.025625       46.58697       
171      interface1 1.003          0.99           1.4            1.78           0.025          0.07           0.00013        0.33           0.577          5249.5625      121.40125      0.015625       46.50572       
172      interface1 1.003          1              1.4            1.78           0.025          0.07           0.00013        0.33           0.577          5249.5525      121.40125      0.015625       46.50572       
173      interface1 1.003          1              1.4            1.79           0.025          0.07           0.00013        0.33           0.577          5249.5625      121.40125      0.015625       46.51575       
174      interface1 1.003          1              1.39           1.78           0.025          0.07           0.00013        0.33           0.577          5249.5625      121.40125      0.015625       46.69078       
175      interface1 1.003          1              1.4            1.78           0.025          0.07           0.00013        0.33           0.587          5249.5625      121.40125      0.015625       46.71182       
